54
181
58
208
103
0
130
67
73
35
135
233
63
84
184
73
236
133
22
123
215
148
76
228
217
190
105
40
226
238
189
58
119
85
169
87
19
167
73
165
134
175
222
229
175
200
167
49
22
121
16
128
40
78
80
67
126
227
24
142
103
149
2
203
138
251
9
138
114
79
179
87
126
178
24
40
182
98
242
70
126
218
178
30
144
139
77
241
109
166
254
39
166
35
137
193
237
231
150
178
255
138
193
94
237
74
231
104
110
41
52
64
47
20
2
175
148
129
53
102
70
119
40
34
186
42
14
144
30
168
229
140
156
67
254
155
247
230
196
178
153
15
94
85
104
67
115
48
231
102
52
115
42
57
71
41
49
183
214
210
95
35
172
220
252
147
176
178
90
232
155
215
42
192
186
103
187
241
188
209
186
158
162
249
116
38
105
223
37
183
170
134
242
22
199
28
96
0
136
62
88
171
133
76
234
203
31
61
84
141
41
16
250
231
82
128
206
237
133
178
193
32
178
191
196
159
32
8
48
117
179
50
53
141
45
57
29
6
188
87
88
237
129
18
19
118
190
227
11
202
162
225
137
157
247
224
187
96
26
203
176
42
97
63
5
161
192
24
46
194
234
120
37
6
125
51
22
45
53
4
182
79
217
79
220
43
183
195
1
135
60
225
39
45
246
128
139
247
177
50
161
119
23
139
79
221
253
240
249
246
213
43
129
92
63
89
226
19
14
144
61
96
139
187
57
147
56
201
64
135
177
160
241
58
220
153
239
119
209
12
19
133
47
105
4
154
195
180
8
42
211
108
36
27
227
31
12
158
202
47
210
10
103
64
15
162
254
142
251
159
153
219
28
7
0
195
208
90
46
194
194
128
6
16
21
244
134
185
41
235
206
143
57
230
14
72
149
54
121
213
32
241
192
153
184
200
149
25
178
241
217
226
222
209
34
189
151
228
122
228
246
153
243
73
63
105
167
235
208
8
90
164
129
58
162
124
49
178
118
176
99
232
87
131
72
199
9
138
181
228
179
200
36
174
119
69
49
98
191
86
157
76
51
216
12
176
172
12
85
92
170
82
87
226
166
134
160
231
103
204
2
114
4
107
239
59
30
138
241
108
208
73
99
198
41
237
188
60
96
119
34
177
154
124
213
196
148
99
218
252
192
180
29
214
188
166
182
190
226
62
145
110
121
188
209
108
55
4
245
149
50
111
72
184
62
20
134
84
16
226
246
229
237
54
39
17
129
255
95
126
67
93
80
86
231
193
220
217
89
102
92
220
184
103
41
58
30
162
172
242
118
240
189
139
163
240
56
48
141
208
177
237
217
90
6
19
15
80
230
241
4
84
172
88
240
198
21
159
4
174
167
255
189
156
86
242
225
67
167
185
89
224
148
30
96
82
75
251
55
39
129
219
254
249
120
195
152
31
202
203
160
32
33
237
132
216
146
185
245
150
116
109
70
51
133
180
212
121
42
40
208
5
212
66
218
150
210
156
77
10
161
61
0
36
233
91
43
159
144
119
162
209
212
1
88
138
113
250
220
83
184
190
227
166
18
57
187
213
126
34
118
76
165
6
137
226
59
107
222
176
213
5
121
97
238
123
175
248
187
10
152
90
152
129
105
121
43
156
201
108
230
33
232
243
119
175
56
169
134
185
145
146
26
46
52
117
188
158
235
250
64
191
29
198
139
50
123
226
19
35
180
213
49
202
110
30
8
89
194
188
124
2
24
200
226
122
107
213
205
233
173
144
50
30
30
26
219
60
2
24
182
213
45
94
178
89
131
8
29
78
102
98
69
201
178
166
69
112
238
242
236
177
203
248
145
51
119
156
250
58
197
69
47
156
185
168
95
129
160
173
223
98
255
31
93
34
103
146
186
195
254
114
59
110
31
179
108
141
178
106
70
11
114
250
23
42
125
42
123
39
145
148
166
95
148
238
150
151
177
179
84
154
225
190
28
96
127
129
163
230
92
98
113
72
221
192
179
160
69
20
127
118
205
156
34
114
34
183
151
33
197
70
179
201
192
82
97
49
32
117
135
100
150
180
179
218
179
53
233
188
43
88
147
254
2
19
86
225
191
73
199
248
113
105
17
159
114
187
165
77
53
198
37
62
169
174
136
228
137
147
180
12
55
206
157
194
176
245
110
70
7
32
24
247
138
15
255
98
215
198
34
130
101
193
133
163
138
92
2
211
5
159
212
57
4
214
148
195
51
245
100
103
95
12
123
146
151
165
241
101
100
140
52
117
128
86
5
224
10
188
