62
169
14
56
33
22
33
59
232
249
186
86
65
30
233
118
105
146
53
125
192
100
215
240
31
31
36
49
19
159
86
183
197
248
23
106
128
19
241
33
128
127
241
254
165
140
218
151
26
132
82
79
84
127
114
145
32
227
121
244
45
114
247
154
111
45
242
60
183
205
15
187
30
8
187
59
95
134
82
137
129
5
135
210
94
188
91
26
49
182
251
100
1
238
158
132
98
87
234
79
193
69
124
167
24
101
73
222
91
193
148
157
75
58
157
196
144
178
70
90
120
156
227
201
162
79
245
145
60
32
11
245
54
185
162
212
89
41
148
56
120
68
214
69
59
240
55
91
197
29
58
184
235
149
105
250
70
153
13
46
102
66
199
127
2
53
69
191
211
163
26
172
214
182
225
2
249
167
201
241
167
252
82
245
220
154
227
78
8
59
121
196
136
21
96
56
215
219
163
29
1
71
1
159
180
65
76
197
174
127
153
21
206
33
25
226
18
189
51
24
87
176
217
220
172
236
211
51
67
129
16
250
47
43
207
178
170
59
129
167
56
7
117
79
40
239
206
176
2
74
78
105
20
143
205
130
163
19
206
96
40
122
216
226
8
133
134
143
244
151
114
251
87
173
7
163
86
100
90
22
236
253
251
179
41
175
249
62
37
225
42
245
33
179
190
35
82
178
24
243
124
170
158
116
210
180
89
215
3
181
179
171
130
243
146
190
14
235
74
146
215
181
254
110
94
246
91
15
195
18
198
31
57
139
74
110
185
245
229
42
133
7
224
20
89
149
90
38
138
103
165
204
196
6
131
253
1
201
230
229
11
221
184
162
136
21
85
104
167
79
20
193
193
147
131
100
172
136
47
254
110
91
189
29
250
133
3
228
82
4
111
184
134
59
128
17
176
98
246
8
28
78
6
173
25
41
60
59
182
156
78
177
16
32
60
11
224
197
95
48
219
143
114
18
224
252
195
59
237
252
179
200
136
139
48
183
94
244
6
220
83
169
126
194
161
42
159
114
162
141
62
101
28
2
165
54
76
13
33
208
120
106
97
148
105
96
211
221
59
160
51
80
228
253
176
176
174
82
93
105
20
27
122
161
14
236
113
160
55
243
79
123
86
177
159
214
118
17
166
232
135
78
0
199
225
120
249
114
156
231
133
5
253
14
220
123
41
108
35
56
186
32
147
79
4
133
156
88
252
66
68
250
169
13
241
111
218
56
101
180
80
73
153
239
5
89
184
67
27
55
155
42
122
30
14
217
149
13
93
194
39
238
165
250
1
76
229
61
82
208
206
62
227
69
4
20
61
48
56
139
184
245
131
59
34
121
248
199
214
25
197
49
73
90
198
131
159
106
189
126
99
139
131
250
226
135
155
243
58
18
31
85
27
148
134
107
102
207
30
106
91
172
207
56
3
201
110
232
52
96
227
238
190
156
12
52
251
60
39
197
131
82
29
40
204
239
191
81
97
74
242
4
61
119
1
186
196
92
59
17
25
41
212
143
67
49
240
182
213
5
205
137
73
70
143
116
162
223
76
22
98
143
193
193
48
210
253
205
53
122
122
70
157
139
82
254
73
162
20
200
232
227
248
222
76
31
25
98
230
114
185
41
235
183
219
191
1
117
102
92
191
83
118
46
216
63
29
162
175
10
247
126
166
240
72
137
124
136
21
137
115
171
48
73
233
115
87
17
227
78
35
131
104
67
92
48
183
118
124
188
226
75
30
42
233
98
235
175
69
118
188
88
104
154
8
214
162
99
33
58
92
205
75
131
162
136
249
183
170
230
242
207
253
137
234
148
136
175
7
42
128
28
133
185
167
196
215
136
247
181
82
46
239
119
201
147
91
243
168
101
214
194
120
224
142
111
56
227
47
156
92
247
9
138
226
70
21
176
199
130
0
131
85
243
94
157
117
159
0
153
123
215
92
245
242
170
53
146
112
140
234
192
246
54
219
88
186
74
68
189
161
160
109
221
136
194
236
89
44
241
215
157
152
9
154
149
163
94
20
236
110
106
19
183
124
102
15
242
179
191
38
58
169
224
185
96
78
252
80
138
23
228
245
129
139
153
105
162
5
109
93
251
195
99
156
95
38
9
77
232
78
228
34
43
217
32
254
244
206
35
90
22
60
242
181
33
208
122
184
78
143
83
222
92
93
95
67
20
227
32
66
3
17
244
38
125
202
13
101
206
235
102
75
78
102
135
172
1
180
72
98
43
226
8
115
3
229
125
217
118
161
131
87
227
95
26
245
144
208
163
25
32
11
242
6
249
2
117
117
151
247
251
109
22
135
33
212
249
186
238
101
63
22
119
176
178
166
183
225
241
219
225
254
101
17
173
83
146
8
192
196
173
181
16
235
137
154
28
62
15
157
32
137
119
182
98
133
214
73
176
19
13
224
240
12
219
34
7
244
244
11
49
112
79
106
180
101
173
195
86
120
115
60
191
243
244
92
30
144
116
70
39
229
44
247
144
103
189
136
29
199
2
167
238
178
111
205
151
231
60
53
204
198
52
175
134
153
6
178
32
192
72
214
156
65
221
164
211
230
178
230
137
217
32
189
195
125
140
248
210
90
184
153
25
212
202
20
172
80
70
88
210
217
85
233
216
95
126
49
244
33
165
133
81
61
102
7
26
107
67
54
102
45
73
41
216
166
83
172
23
75
186
106
16
122
199
215
190
33
153
5
175
36
250
52
146
133
112
101
210
41
204
226
24
33
117
125
83
130
8
148
126
52
122
254
200
42
142
204
196
57
239
6
38
234
153
162
78
213
58
102
188
120
200
6
78
117
51
204
27
17
194
29
2
144
188
73
84
61
174
79
12
0
31
105
112
198
148
35
167
109
112
105
89
26
15
87
193
118
123
88
197
21
166
86
253
213
88
67
238
200
143
202
63
171
35
248
227
84
90
178
16
85
16
254
202
79
242
35
205
17
27
12
21
50
176
123
2
102
216
173
160
199
186
94
118
220
177
179
62
178
197
253
32
216
247
193
148
6
85
174
12
190
183
242
27
81
114
193
39
11
202
190
47
41
117
177
25
114
236
222
83
89
115
250
205
185
204
210
62
35
42
155
192
97
96
245
149
184
46
145
140
86
114
185
235
111
188
211
23
170
52
165
172
218
89
224
69
244
177
87
30
153
171
76
111
175
158
32
11
212
164
219
121
18
88
34
17
106
63
134
249
62
151
157
32
68
218
119
128
213
198
241
72
199
146
88
56
178
32
165
51
84
216
106
56
30
158
19
24
19
18
137
155
165
41
211
167
230
193
172
234
248
126
250
23
201
147
87
54
27
198
225
193
245
28
170
77
54
121
238
220
221
3
125
207
215
183
203
168
209
209
151
32
127
122
112
44
145
215
50
95
44
169
58
91
212
92
32
231
40
216
205
172
90
238
101
82
91
160
176
161
142
95
69
198
26
198
250
79
235
201
18
31
40
150
173
130
16
42
189
58
182
178
117
105
3
174
138
8
141
30
139
178
139
115
71
170
23
198
44
44
246
6
91
185
51
16
122
62
189
50
200
101
88
47
247
128
138
85
12
179
199
39
166
86
5
57
70
101
67
245
155
243
230
153
168
123
109
12
188
33
241
142
150
159
168
9
89
214
246
77
170
135
237
120
157
109
164
139
150
245
6
181
209
147
209
198
78
169
189
131
175
183
64
112
179
157
107
77
9
162
93
229
165
174
154
167
186
207
109
40
9
137
208
86
200
15
203
44
235
11
130
211
66
145
180
4
143
191
0
59
100
120
228
79
222
91
63
8
15
234
240
198
124
112
147
185
84
171
220
101
234
131
166
162
209
39
169
78
104
99
118
177
221
211
91
89
138
244
78
117
97
225
128
151
122
4
202
152
177
41
206
209
119
46
11
192
134
79
138
42
39
201
230
56
184
127
244
175
177
215
127
251
60
223
66
5
187
79
96
213
145
94
39
93
122
152
86
161
119
25
248
237
48
83
137
79
143
51
255
203
67
58
34
148
42
243
224
100
85
30
13
99
155
211
30
198
213
177
99
46
138
174
28
140
149
168
66
108
188
236
244
143
195
74
5
29
28
169
13
140
67
116
139
244
44
149
160
4
149
151
225
3
73
241
39
95
123
34
204
40
145
209
241
155
38
88
0
196
126
96
59
33
104
26
168
87
53
26
97
95
178
51
26
2
103
110
187
6
64
98
249
182
112
119
32
196
125
220
12
222
226
141
34
237
145
109
140
139
106
90
26
56
214
226
24
101
87
108
152
228
8
163
167
203
132
135
59
126
184
117
81
120
185
110
178
9
20
24
224
4
238
182
12
114
196
14
42
192
147
114
176
121
153
152
130
8
238
30
5
104
135
218
37
62
149
122
52
73
249
173
215
79
208
56
12
97
158
67
172
244
202
160
105
215
216
29
237
1
148
15
47
216
163
155
157
220
103
118
101
217
74
248
221
202
43
182
149
51
140
131
41
86
113
1
188
81
142
242
138
93
181
189
54
60
149
97
163
79
233
20
30
44
186
14
215
90
216
254
177
229
94
246
29
26
115
143
132
146
83
68
189
52
10
239
91
51
55
48
134
37
89
250
154
249
202
75
163
35
167
237
146
91
233
217
25
60
180
217
20
111
97
11
71
193
75
173
129
77
21
152
52
69
213
127
198
147
254
52
23
74
7
177
123
231
15
213
245
165
211
14
234
198
183
60
69
47
200
186
235
1
153
154
77
177
97
149
164
177
78
235
254
162
28
103
198
230
60
65
228
174
57
246
126
128
8
73
165
50
124
143
85
52
134
38
72
3
62
56
87
30
98
7
75
31
122
92
216
121
135
131
154
248
211
55
26
60
45
159
17
58
175
206
94
250
106
34
191
43
165
23
24
184
241
173
149
156
186
244
196
156
81
225
75
9
248
232
114
153
167
218
172
181
86
73
21
187
124
123
154
195
73
146
55
181
142
160
191
113
155
143
48
14
114
144
205
50
55
207
172
139
235
2
48
33
36
40
189
70
52
178
88
222
239
82
87
72
254
248
72
170
180
237
138
248
156
131
176
48
66
38
74
61
94
83
133
104
88
241
76
132
148
130
40
183
217
179
116
51
253
101
125
153
75
48
100
184
254
102
193
27
146
59
162
151
239
218
255
73
5
212
191
144
216
188
249
161
98
108
224
230
100
95
147
187
237
103
68
39
28
95
214
254
251
118
54
147
184
22
225
154
101
125
73
115
209
57
133
68
222
87
225
116
68
229
166
170
61
253
168
118
46
94
166
24
115
10
161
216
84
1
178
147
121
6
83
106
230
72
106
165
233
95
130
145
174
28
228
121
242
119
178
123
219
95
143
47
199
220
159
19
132
148
85
23
71
245
85
201
19
217
98
154
73
185
14
125
69
122
192
205
23
3
38
199
38
121
204
18
195
15
195
245
50
92
176
66
81
53
121
164
59
63
110
175
132
238
73
8
58
80
34
156
169
116
234
11
27
21
100
156
178
91
211
190
251
188
236
192
45
226
243
18
168
213
210
35
202
62
179
236
215
150
191
29
170
25
9
221
62
0
111
203
33
143
234
69
93
252
138
40
84
83
28
153
69
164
29
194
58
56
52
0
78
50
201
13
241
128
152
93
176
83
57
107
94
226
142
98
250
175
166
140
133
232
195
10
102
221
250
24
195
16
41
167
134
92
142
132
228
94
73
99
167
171
79
20
220
156
158
255
62
0
243
156
217
134
216
210
98
62
235
129
8
169
192
253
132
7
126
112
72
101
183
238
31
37
206
9
26
165
11
12
173
179
55
81
85
176
229
86
22
158
66
134
8
235
246
47
123
110
213
230
47
201
107
82
227
216
212
35
135
115
236
188
67
24
75
14
53
26
129
134
200
58
251
112
247
44
191
77
104
173
197
224
215
126
185
84
167
143
60
124
212
14
69
22
228
116
157
196
116
171
24
44
37
6
118
87
46
104
105
226
21
248
97
44
69
171
122
75
216
221
202
197
130
7
107
208
52
172
155
99
200
180
37
32
144
169
17
61
229
99
248
111
241
28
103
158
80
102
175
45
221
182
62
57
203
9
177
36
26
109
151
118
23
94
180
192
149
119
88
143
136
110
78
178
27
72
158
88
140
172
164
193
102
64
3
188
10
138
83
175
93
240
70
146
171
255
103
239
244
244
28
11
183
169
12
21
95
104
225
102
178
179
194
11
172
122
43
218
84
177
174
145
146
236
251
67
141
22
141
91
114
26
102
120
158
213
248
200
238
71
196
94
125
2
9
246
181
239
100
108
194
113
250
151
7
140
117
117
121
144
203
151
165
84
214
89
149
196
211
66
108
80
157
140
96
28
193
178
176
78
154
92
194
195
34
11
55
50
209
56
191
193
221
29
247
110
226
146
132
217
7
188
3
245
162
222
114
19
100
51
89
254
119
164
247
83
231
124
244
230
217
58
35
156
14
210
9
93
15
28
72
95
30
63
93
226
242
180
229
6
77
85
202
202
110
3
169
74
238
96
212
41
27
190
67
54
246
104
37
101
196
222
116
113
178
137
116
49
150
194
20
16
127
139
237
98
82
154
183
27
143
69
163
232
250
37
134
134
174
61
202
139
104
41
180
54
12
114
13
57
218
194
246
18
40
115
202
101
249
252
100
173
77
92
111
201
113
78
61
51
144
79
255
40
55
140
153
228
93
235
105
127
105
113
93
192
136
140
239
142
58
55
80
155
35
204
111
34
189
140
17
53
144
60
193
34
125
207
83
12
135
20
137
127
122
146
247
48
20
228
247
49
5
126
150
121
97
55
153
149
69
158
193
143
54
188
34
75
193
22
202
199
97
136
70
23
0
72
18
181
64
243
240
54
64
208
137
233
54
50
212
171
15
79
57
118
23
136
14
242
164
149
133
242
91
65
73
177
30
203
226
66
176
134
40
234
129
69
134
38
242
207
184
161
118
167
138
114
232
57
176
60
149
253
212
161
93
62
58
66
238
73
177
28
215
110
75
28
205
234
27
194
245
64
112
49
80
87
122
149
213
142
70
143
133
180
2
78
186
108
119
31
70
193
167
8
85
148
19
133
50
60
228
157
84
208
209
252
190
171
231
99
152
221
79
119
123
205
122
21
179
70
147
194
133
69
108
44
140
29
29
197
138
99
34
153
199
17
98
154
206
123
71
166
189
165
39
52
72
135
73
92
97
142
41
55
40
38
177
243
191
127
17
115
13
47
206
79
4
158
249
101
231
214
242
233
166
202
87
85
183
219
249
173
160
159
36
150
191
238
16
139
3
68
160
125
45
29
191
39
54
26
115
50
236
247
4
153
1
56
82
56
109
4
195
60
138
96
20
13
147
46
163
12
52
168
230
61
201
18
116
7
88
125
12
27
86
181
91
61
167
39
108
137
224
55
83
223
136
5
139
189
73
21
195
133
108
7
109
202
103
103
169
146
76
132
71
197
246
83
52
30
120
32
82
210
22
43
164
47
10
235
96
58
135
148
235
222
244
17
232
4
172
2
182
230
163
216
118
225
27
114
214
179
59
47
193
183
44
200
71
219
180
106
171
197
145
139
249
239
89
11
10
216
50
234
164
114
108
157
134
89
126
214
175
148
247
94
79
23
183
21
87
17
75
15
206
188
171
52
32
86
67
244
102
22
97
23
49
242
59
214
100
25
117
213
42
6
232
31
63
114
192
62
44
68
123
34
128
92
226
164
162
38
109
67
13
72
92
31
56
152
16
42
207
165
214
58
12
141
149
217
98
188
126
187
236
252
210
4
102
139
198
233
3
179
53
115
16
248
95
73
85
197
234
236
156
43
210
233
210
135
249
84
12
166
25
195
48
255
37
213
1
127
194
75
246
130
73
238
33
156
31
240
176
47
90
223
251
77
117
64
128
92
73
240
188
24
169
185
58
34
5
129
48
36
207
207
118
72
157
61
97
185
170
236
249
93
143
249
140
9
179
251
72
151
40
26
177
44
26
9
62
116
210
149
51
101
122
200
141
74
9
254
75
127
161
56
14
141
135
207
87
100
216
99
53
0
208
3
246
76
155
75
192
47
188
37
156
175
136
205
5
170
214
217
127
182
78
254
190
52
206
10
178
161
174
99
194
25
8
220
53
138
178
215
239
18
223
78
72
229
172
71
11
173
56
139
188
195
245
132
10
41
202
218
45
189
16
123
206
70
197
67
196
46
179
112
110
175
138
250
129
2
41
200
222
54
4
187
38
205
213
64
124
21
102
8
39
164
24
37
225
219
155
45
62
61
213
109
26
243
108
159
53
193
184
102
174
248
51
91
33
33
153
128
193
69
105
116
172
146
41
242
97
104
66
22
228
189
246
186
79
58
144
240
132
206
96
254
155
100
118
97
235
9
56
149
92
33
239
104
159
228
151
158
163
98
41
89
142
118
173
135
24
230
182
82
10
116
175
29
38
90
100
210
90
145
108
252
239
113
21
163
135
238
33
236
33
136
27
227
239
126
232
133
25
38
237
109
247
150
110
175
155
159
118
18
6
7
100
157
91
115
98
31
80
217
89
45
202
180
15
176
76
195
24
239
76
182
127
51
118
134
159
45
78
202
213
3
193
205
236
84
181
73
150
228
237
141
25
229
48
95
250
43
42
10
175
163
59
99
197
188
213
205
140
45
224
173
103
29
52
14
186
165
91
90
5
46
79
178
55
158
156
27
232
118
118
83
43
101
223
232
131
181
213
252
42
174
243
150
37
107
47
226
90
64
175
200
225
219
214
216
103
92
117
82
32
137
196
18
104
69
85
109
220
231
206
188
24
82
251
37
10
248
91
176
108
82
135
148
23
118
124
64
217
206
17
166
89
151
207
26
102
118
183
214
116
231
142
45
226
150
143
249
47
45
175
83
218
138
114
239
248
142
244
34
59
65
248
78
11
149
91
226
173
69
215
220
218
209
112
119
236
208
20
164
159
163
253
137
15
21
49
133
81
126
179
6
52
47
204
241
65
214
105
109
137
28
91
73
175
209
247
198
142
50
54
230
73
111
49
139
138
178
127
16
23
167
97
232
140
242
72
193
216
172
145
63
186
174
26
79
115
220
242
146
234
186
84
50
80
240
74
35
35
222
107
132
149
71
235
108
210
75
22
167
17
45
72
198
249
7
100
137
72
11
58
100
22
123
241
43
119
70
228
69
236
34
96
15
17
25
33
254
174
82
23
77
68
158
135
164
38
199
184
15
154
121
150
86
186
242
105
37
250
165
127
115
43
129
157
39
104
113
234
176
181
229
40
146
44
101
153
129
41
70
76
173
111
164
54
159
123
79
154
133
135
63
199
182
167
167
16
30
142
130
1
122
48
198
74
79
58
221
206
39
167
68
10
92
192
27
36
24
100
141
164
114
11
136
222
121
120
118
177
214
238
111
174
255
187
252
141
15
102
178
2
20
94
97
35
213
105
237
196
25
164
147
171
35
230
0
45
131
164
212
250
28
60
132
218
136
237
23
211
37
45
221
149
86
20
53
19
153
141
227
206
145
164
155
29
163
68
216
61
138
35
138
196
177
38
157
61
254
252
26
174
147
128
139
183
130
21
36
71
226
237
83
34
206
225
219
40
199
56
116
87
12
185
97
18
167
47
124
34
203
62
187
103
96
106
166
73
59
52
208
121
53
236
132
211
142
120
193
238
108
107
68
123
156
252
159
203
247
22
187
169
231
228
217
105
12
205
109
55
23
15
203
214
13
242
190
122
95
221
110
41
206
254
44
124
14
24
99
124
199
97
75
158
178
70
172
156
104
37
232
34
38
49
244
181
49
238
18
243
136
167
198
19
134
69
194
95
48
133
190
122
86
47
84
252
171
101
203
138
90
48
67
95
233
233
57
1
167
34
118
137
119
203
223
145
218
49
228
1
90
104
167
222
177
36
177
177
75
71
143
99
173
190
218
34
206
162
246
160
72
223
165
198
199
114
225
26
34
12
95
239
40
181
104
163
88
253
124
33
108
49
209
48
191
41
175
12
101
88
94
223
101
229
157
58
238
122
70
254
32
87
141
55
225
22
214
90
77
140
97
192
222
36
188
42
61
179
180
141
146
79
148
120
188
197
157
20
127
103
177
231
54
237
232
24
106
236
32
94
150
221
240
205
217
229
252
184
138
86
51
40
207
53
93
47
20
215
234
63
106
217
122
179
162
63
23
194
3
47
212
211
73
126
218
145
16
163
164
10
19
148
146
153
241
184
225
11
66
39
224
84
27
86
161
234
254
239
238
67
26
47
203
42
228
173
197
60
123
33
152
59
19
0
168
3
161
52
10
164
191
123
172
194
14
135
75
15
206
187
161
96
161
109
205
95
73
51
37
184
239
132
252
110
139
105
252
68
170
143
102
157
60
91
67
244
224
152
169
159
114
93
29
121
61
15
5
159
75
32
21
128
63
144
247
220
200
217
68
178
11
193
83
4
219
192
233
26
17
6
65
75
24
213
189
16
96
245
179
178
128
210
119
202
15
129
129
82
82
189
221
162
170
3
37
200
221
239
162
215
101
193
21
51
50
127
173
15
142
146
179
140
234
193
184
175
17
58
132
226
255
4
109
2
19
147
143
64
22
8
110
38
194
61
13
167
252
104
140
58
255
81
164
163
88
71
104
62
164
63
52
6
117
65
3
47
135
44
83
173
87
199
114
71
39
127
181
4
96
37
223
75
149
89
212
44
136
80
74
153
71
129
39
54
78
204
133
19
50
69
251
57
209
62
18
138
192
76
74
202
127
240
131
10
19
24
13
98
80
41
86
190
77
5
40
181
218
198
38
153
115
53
143
12
68
189
233
56
140
2
236
110
86
218
227
30
245
110
152
164
34
169
82
63
76
70
118
41
152
99
132
3
220
68
254
224
60
15
19
128
63
200
2
162
124
7
224
86
168
136
33
186
241
84
53
66
209
159
127
128
136
184
2
158
57
78
131
175
90
158
244
179
189
125
7
225
66
230
212
90
104
187
158
220
203
134
24
167
130
186
194
166
226
84
214
158
239
156
96
65
183
80
102
187
222
33
34
28
46
117
2
249
236
4
28
116
195
135
173
239
215
146
69
145
7
39
0
131
20
97
255
95
31
74
212
246
244
118
224
170
66
172
68
128
153
149
158
187
106
17
20
81
237
82
66
54
83
78
130
23
53
32
65
92
133
111
0
252
154
155
164
112
22
34
239
186
76
50
2
80
43
227
36
219
183
199
12
82
255
131
41
170
19
50
150
104
103
27
10
206
29
2
188
182
169
185
120
229
229
213
53
0
202
229
222
78
87
62
224
143
156
191
206
60
59
169
136
41
120
