237
231
30
125
193
125
169
99
66
122
32
33
227
231
252
50
8
12
42
21
120
30
241
251
173
151
103
108
232
242
69
37
94
252
5
190
171
202
252
210
86
177
124
48
230
136
61
122
136
195
238
65
35
199
247
130
197
25
246
213
61
134
30
102
150
255
14
43
15
18
255
62
126
59
121
249
196
244
142
244
187
71
247
191
213
22
3
142
68
217
136
87
241
241
111
109
133
189
252
246
117
50
175
181
84
31
182
61
207
21
244
71
233
246
35
61
128
136
180
247
206
61
105
113
7
53
130
127
225
169
140
31
249
244
75
201
102
175
157
70
144
212
170
1
223
133
179
26
38
119
147
166
49
33
79
209
27
248
150
197
234
122
96
101
225
130
124
239
150
59
214
70
163
174
115
132
24
207
128
121
142
66
3
66
159
59
162
247
137
168
41
252
113
142
164
14
69
77
54
229
163
78
124
37
248
46
250
111
231
76
27
212
179
66
54
198
29
183
185
34
171
224
234
170
104
197
24
85
162
23
183
184
4
86
129
48
156
32
247
206
240
131
31
2
122
235
213
222
223
60
6
18
203
27
143
135
86
58
209
202
183
81
186
153
0
4
74
197
188
38
84
238
226
108
89
121
16
221
133
187
167
204
177
203
129
2
52
110
144
96
35
205
109
81
206
93
141
76
195
178
150
146
33
30
39
7
77
224
15
187
102
238
131
149
68
211
28
236
124
100
156
180
170
132
212
20
34
31
152
206
112
139
62
215
83
125
68
94
5
65
104
68
8
224
249
110
29
140
75
202
5
177
197
62
179
61
43
211
87
236
95
240
159
168
30
72
125
118
36
76
37
151
85
93
242
244
218
220
176
214
12
122
26
159
207
72
141
34
28
54
217
50
109
79
155
32
73
210
76
104
213
151
189
29
157
58
143
240
175
247
141
31
199
71
81
171
22
227
41
152
167
14
187
199
38
111
33
214
31
29
209
236
175
115
200
200
65
91
247
119
102
139
32
193
251
159
166
7
209
212
125
111
0
61
33
120
142
70
166
163
133
224
202
67
132
187
129
143
84
12
93
154
207
39
50
181
34
50
152
52
86
74
111
52
210
250
206
68
207
240
188
67
193
131
110
213
246
48
95
179
