80
17
159
207
26
22
169
195
216
139
2
69
11
62
253
150
146
234
197
44
235
137
219
145
72
141
163
88
65
72
53
239
149
26
151
204
22
194
168
193
166
227
189
57
178
210
190
72
12
176
153
103
208
84
72
225
221
143
193
133
55
227
219
181
98
48
217
225
9
240
33
208
62
33
116
187
147
251
14
227
173
81
25
148
213
191
107
69
125
57
204
50
91
142
179
202
137
126
129
152
207
48
4
60
255
28
55
204
146
49
98
134
110
3
113
144
151
196
13
128
237
112
155
180
5
131
237
48
46
143
75
91
31
113
101
115
244
148
71
16
214
195
252
33
137
118
245
106
1
7
190
43
226
123
107
125
206
237
73
89
210
127
225
31
227
169
165
63
15
32
40
122
59
153
86
36
253
116
173
31
110
30
210
79
204
168
120
111
220
144
255
92
228
194
68
185
86
135
54
203
37
132
221
121
220
101
222
27
231
107
88
154
220
176
120
88
66
182
16
199
178
78
155
151
187
217
95
247
165
227
118
135
247
92
44
238
169
186
20
238
178
201
239
57
38
89
7
154
255
220
144
241
106
159
187
17
200
248
3
237
237
1
7
2
242
143
62
170
189
187
208
77
207
51
80
214
80
250
20
103
219
104
30
82
212
31
11
254
254
85
154
0
42
214
108
4
250
170
188
198
74
235
246
10
3
138
9
43
253
28
192
150
64
97
191
233
182
15
55
50
82
232
85
13
201
49
235
202
28
238
250
125
149
64
208
64
86
136
254
37
10
28
122
13
15
73
254
64
26
177
218
57
86
27
85
138
207
96
154
39
109
237
124
226
177
147
141
177
49
210
222
59
152
220
43
135
32
22
142
48
71
8
20
121
186
100
94
209
210
56
252
176
18
21
44
71
22
194
20
95
203
4
105
196
192
159
24
128
195
121
126
206
213
40
251
97
14
252
173
174
81
96
175
204
231
157
90
214
58
124
144
41
182
77
142
85
192
192
170
247
111
165
98
147
86
116
252
38
171
84
30
170
210
67
124
153
98
232
78
83
92
239
145
79
13
90
86
73
37
200
244
1
98
98
192
193
228
103
131
44
225
16
100
165
239
16
229
65
32
15
114
207
88
156
221
215
173
43
185
80
99
142
236
18
238
210
25
53
152
251
118
15
184
11
86
166
160
68
202
254
185
3
134
119
110
68
196
141
26
7
223
97
191
230
31
218
187
154
67
115
8
142
3
142
194
133
99
244
177
251
56
208
230
237
211
65
208
53
127
194
132
121
198
160
166
167
109
208
85
155
9
54
55
4
164
117
18
11
82
111
196
192
84
198
145
166
151
245
83
147
210
7
232
153
246
100
65
129
196
212
208
64
20
25
85
250
98
197
37
97
56
166
198
170
77
8
105
92
224
69
178
15
85
59
107
154
231
25
229
85
141
72
100
241
76
36
130
120
239
82
84
55
51
42
218
29
236
231
142
126
230
155
132
120
166
205
58
167
126
67
216
229
241
248
0
245
25
151
102
182
139
221
237
132
85
114
1
2
150
80
166
70
92
8
204
34
175
147
64
192
23
247
18
238
177
72
111
118
32
43
2
47
190
1
223
1
246
14
162
28
252
196
165
128
0
93
27
56
76
230
182
68
30
175
90
224
15
215
194
94
40
28
1
148
190
229
19
41
152
83
95
241
170
55
219
108
46
232
48
161
92
89
32
218
16
93
81
89
131
240
107
32
58
37
22
163
88
218
221
26
63
229
45
198
124
9
111
102
134
100
60
78
148
226
99
76
136
23
12
75
77
196
60
139
100
176
77
152
169
175
30
181
84
72
208
184
208
178
214
92
69
22
48
17
3
134
97
171
220
142
214
46
79
228
125
155
241
111
250
37
8
192
83
182
75
107
66
230
10
136
9
253
160
36
100
71
146
109
184
249
186
195
163
158
67
41
94
193
201
15
133
206
190
168
89
239
180
18
210
4
108
195
9
65
163
161
250
109
242
74
141
154
33
215
154
103
249
197
73
135
182
130
23
147
26
102
8
70
143
132
100
92
233
200
52
76
151
164
5
100
23
21
145
137
177
57
176
142
25
72
244
194
46
245
6
2
211
16
160
11
166
218
162
170
83
154
226
179
205
214
109
253
24
180
244
60
51
196
19
232
160
46
51
125
235
110
140
179
142
99
57
33
114
236
123
115
13
249
217
24
159
208
59
191
31
99
81
157
162
134
48
247
85
124
73
100
246
248
98
231
221
155
70
184
103
171
21
184
132
39
12
208
28
211
27
61
193
122
64
47
100
94
97
7
150
198
246
81
164
3
95
254
35
107
143
214
60
213
104
100
161
151
84
88
16
181
200
97
128
78
107
178
235
215
176
3
57
169
2
111
181
151
179
227
166
82
36
78
110
25
239
196
112
4
82
123
86
88
163
3
207
228
151
24
176
64
43
129
79
136
208
196
15
145
177
81
216
74
239
66
31
54
46
23
238
54
186
10
111
82
215
165
49
79
6
250
157
12
236
57
41
198
247
121
95
2
75
59
218
14
54
73
103
80
29
199
170
215
129
98
76
214
207
132
21
166
212
200
107
71
244
148
170
217
76
85
171
108
14
141
169
228
220
76
15
106
123
202
83
13
197
40
154
98
254
234
184
192
42
77
143
105
178
33
31
82
229
72
57
127
120
66
10
233
204
103
29
113
216
164
31
35
177
105
32
169
43
6
162
220
73
30
36
92
249
168
216
52
177
62
130
75
96
172
213
118
130
2
64
100
141
108
225
125
92
203
236
43
247
23
19
187
241
139
31
42
157
138
230
203
120
181
59
124
224
205
53
149
104
23
68
99
139
108
62
81
129
239
120
10
192
84
173
63
114
97
233
190
75
79
132
122
232
182
229
86
27
17
171
94
86
127
210
103
155
83
89
137
115
145
154
47
157
254
38
27
221
146
178
239
115
96
207
76
120
12
213
1
233
205
178
140
23
95
186
115
55
41
40
187
214
150
206
75
146
44
16
166
240
174
188
133
202
67
33
14
230
223
65
144
113
196
136
205
138
132
216
202
196
238
194
245
82
131
198
11
33
234
65
63
82
154
139
172
16
106
189
228
167
240
98
118
222
127
105
216
156
61
36
54
238
115
8
57
227
234
116
255
111
152
17
205
83
140
170
113
247
57
10
203
108
36
37
98
97
66
245
118
86
245
148
24
114
156
103
243
233
178
226
90
10
200
174
215
119
126
132
209
99
141
225
232
215
13
184
226
72
228
75
144
213
148
143
181
105
67
231
161
143
135
203
75
175
27
66
146
178
168
153
130
187
92
7
167
42
153
215
41
50
86
181
70
6
6
234
90
203
211
85
41
59
206
75
1
218
112
60
164
33
87
242
172
184
81
201
68
135
171
80
17
64
41
222
57
142
108
237
61
15
184
112
133
68
161
152
46
243
207
4
101
243
239
249
40
101
180
182
75
16
209
177
50
180
232
213
56
206
231
116
31
135
113
110
193
154
2
130
210
116
75
76
212
177
199
153
98
252
113
119
28
83
4
119
140
127
30
217
184
44
175
67
123
117
24
107
150
53
122
189
143
102
81
252
50
178
25
69
168
169
230
214
47
102
51
117
23
27
254
49
95
33
202
80
120
45
71
229
213
134
188
93
80
31
153
138
228
232
36
249
185
41
164
104
157
240
33
152
177
175
220
43
197
82
76
132
241
22
71
22
57
198
197
193
135
186
165
175
70
52
144
135
59
42
18
255
212
223
177
127
113
241
12
237
64
6
56
67
103
170
238
122
80
32
98
55
172
132
141
237
212
86
202
61
179
53
197
105
191
165
197
70
64
151
207
184
109
65
22
218
77
66
224
135
184
114
244
142
33
70
8
239
194
81
93
197
3
189
188
131
91
169
217
187
253
198
227
81
161
19
16
73
57
75
190
173
10
236
115
215
87
217
25
212
99
72
83
177
96
114
135
100
120
44
245
75
200
77
49
24
21
32
128
235
253
39
148
246
237
106
130
111
88
103
245
169
76
240
46
106
82
245
3
14
179
224
48
191
64
37
82
197
78
199
209
15
26
99
163
31
193
212
46
107
93
129
228
18
119
245
255
33
135
229
215
213
214
17
204
125
137
31
54
45
15
135
143
196
219
25
179
214
160
117
74
223
168
60
126
6
44
183
101
241
235
100
106
167
107
20
28
85
85
211
162
121
169
196
172
176
103
123
73
162
51
160
218
223
28
209
145
197
42
93
15
211
35
169
180
181
30
100
55
138
105
216
252
139
183
105
16
95
225
18
170
119
152
59
208
192
116
87
5
219
159
250
99
185
197
73
137
78
175
196
28
204
155
15
184
27
46
62
227
207
176
79
147
205
104
21
108
2
73
112
163
191
180
54
98
253
192
56
13
151
199
217
192
152
23
238
146
133
84
170
151
86
88
81
223
69
175
94
214
21
204
85
8
9
53
152
162
99
198
88
92
232
253
54
149
32
239
26
191
255
108
195
94
149
214
80
153
218
182
85
26
11
128
11
217
138
146
123
18
156
151
16
86
43
224
55
245
205
7
217
99
53
189
132
40
172
12
33
211
74
57
88
133
192
148
128
142
10
24
216
226
125
156
172
51
189
124
129
83
254
30
7
123
120
218
41
47
195
243
57
98
211
213
233
35
29
164
0
206
27
95
44
1
206
54
0
252
84
177
168
235
136
178
144
231
169
167
13
86
79
68
128
120
6
88
92
126
39
188
22
76
222
64
173
216
75
167
155
127
151
133
101
245
106
47
227
99
210
88
171
12
239
24
195
6
161
170
195
65
245
15
245
18
41
71
28
106
56
181
216
126
16
48
110
49
119
49
76
131
56
134
202
214
217
90
91
160
167
71
36
82
84
213
174
99
85
69
66
67
120
2
37
96
128
204
210
209
145
169
122
105
1
107
212
136
110
66
159
169
238
129
126
233
135
57
58
205
17
215
29
111
153
244
213
153
134
99
78
250
141
144
113
15
155
142
110
199
208
69
181
243
24
100
159
42
136
83
165
166
89
85
206
86
70
120
37
119
137
66
219
12
204
3
21
187
117
91
27
143
223
133
108
108
234
24
142
224
222
85
110
232
191
221
6
75
34
51
6
62
223
231
55
82
92
143
236
121
168
184
194
166
133
95
188
18
216
46
99
107
30
49
33
186
115
6
159
139
9
47
117
101
197
58
206
34
216
39
150
46
110
32
244
1
237
6
49
187
6
84
154
79
61
55
42
205
208
96
70
56
44
98
255
106
125
147
60
74
16
164
62
97
123
118
90
43
232
34
99
33
60
188
52
171
239
229
211
148
125
179
76
38
80
93
154
147
127
190
202
157
5
109
22
84
215
131
92
230
181
43
78
173
108
91
59
17
129
109
51
77
69
123
32
148
249
253
239
61
144
29
91
230
72
10
243
14
121
2
124
125
201
79
4
236
255
46
182
116
136
229
168
106
19
159
183
160
213
107
127
111
170
132
77
36
83
249
3
233
202
17
159
83
100
255
45
30
249
121
231
136
79
33
145
1
71
195
143
194
173
214
128
122
170
62
215
203
206
45
5
187
197
189
73
171
146
2
146
238
97
17
207
159
216
179
69
136
221
24
28
27
244
229
61
218
235
221
247
23
107
188
105
75
91
14
163
170
63
86
115
144
192
72
54
31
145
79
72
8
117
6
43
247
211
170
80
132
11
65
86
33
213
49
153
183
159
30
159
177
184
168
172
164
13
90
89
191
22
138
56
208
32
220
146
39
49
123
71
59
167
49
175
27
81
178
248
164
55
241
200
78
211
50
62
101
81
199
237
36
151
133
187
43
157
149
178
215
200
99
244
28
8
150
59
81
139
151
43
181
79
188
125
218
51
66
36
9
129
36
18
202
198
19
190
38
90
102
122
222
104
129
236
129
92
176
105
0
215
92
111
162
44
155
139
27
113
67
13
70
76
142
12
228
61
242
137
19
98
100
117
206
206
208
3
55
146
24
99
195
214
188
245
126
1
239
102
43
225
0
9
84
93
87
174
20
202
94
125
248
77
40
39
197
96
221
233
86
94
218
159
33
188
134
177
216
71
126
61
216
44
9
73
209
69
123
54
16
32
5
169
216
22
191
168
225
241
235
128
35
238
69
20
1
72
61
63
114
38
72
66
207
127
135
113
187
58
156
73
74
137
212
0
94
171
247
216
247
79
141
169
151
170
80
20
202
63
12
91
241
224
52
172
72
216
165
246
181
178
98
29
128
201
61
179
86
119
119
221
45
183
173
116
144
125
152
217
177
238
245
35
226
138
203
99
184
163
183
46
214
116
1
13
34
39
124
27
103
184
226
99
83
133
52
133
28
94
218
66
18
225
247
232
212
57
38
0
130
2
66
162
25
252
249
77
178
33
204
169
58
85
151
2
157
47
170
66
154
121
247
65
97
55
169
144
93
46
169
129
130
208
81
62
149
6
16
200
19
117
65
183
183
253
64
5
180
149
189
159
139
198
198
249
53
21
255
44
103
204
253
81
208
59
44
227
169
144
171
216
193
30
246
19
190
236
150
212
254
56
212
174
219
45
107
7
243
184
206
29
228
178
116
121
105
132
165
74
193
186
208
231
170
145
187
191
57
130
206
149
223
62
198
81
200
80
56
165
150
37
212
125
10
157
92
244
187
61
168
58
145
31
78
191
145
208
202
201
216
133
98
150
205
15
94
140
148
255
70
123
30
104
63
115
110
170
105
33
64
92
37
152
176
61
115
242
79
253
37
147
239
220
231
140
237
28
168
231
147
76
135
94
238
169
172
92
218
118
21
43
238
26
6
175
94
0
57
106
92
232
15
218
52
193
214
107
78
219
209
150
24
201
136
198
19
78
142
110
227
0
3
190
131
51
153
199
55
97
26
27
87
95
202
57
25
214
143
63
178
52
239
236
5
85
175
26
153
236
54
242
180
44
225
94
54
22
73
59
162
106
125
224
14
238
13
219
13
86
134
6
210
109
86
33
110
145
41
202
237
61
111
166
6
34
224
17
114
220
3
89
35
76
172
104
142
216
228
63
66
160
105
50
24
13
71
187
135
20
87
186
204
3
143
83
28
227
168
67
124
251
71
16
250
216
42
34
162
164
246
166
153
108
79
150
26
241
188
1
164
159
179
236
240
144
163
182
221
48
52
254
134
53
179
104
162
133
115
221
20
92
247
193
37
195
178
19
229
34
78
56
107
73
169
87
53
192
165
93
171
182
4
115
206
0
215
31
245
175
187
135
214
252
199
19
149
221
146
214
142
127
237
231
161
87
208
185
121
106
54
152
58
29
114
117
223
41
179
122
127
57
130
144
34
30
82
219
57
139
244
203
226
13
232
99
126
188
148
26
40
21
221
145
207
187
35
193
194
173
190
46
210
236
18
77
198
158
243
26
123
65
89
203
95
142
91
175
81
7
69
214
229
208
179
254
187
226
159
74
56
22
129
128
179
213
165
208
105
242
39
205
11
86
3
18
83
10
172
32
218
71
25
189
254
9
58
150
196
28
204
101
220
241
163
43
201
142
4
166
74
125
48
61
88
194
92
226
32
43
247
71
213
147
120
211
141
221
100
0
110
45
58
89
203
27
113
89
251
130
134
11
28
192
150
222
247
75
237
208
9
123
188
91
120
216
149
189
130
79
121
159
179
211
5
252
197
148
110
207
33
107
9
209
38
212
197
234
122
123
22
126
28
85
64
198
33
83
245
56
33
212
25
225
47
172
247
173
148
189
98
199
72
218
28
25
4
193
72
102
92
125
78
135
69
13
148
99
233
177
87
249
146
34
226
155
252
181
88
138
155
142
110
60
143
191
121
141
142
125
7
250
78
220
92
252
199
42
111
242
176
81
101
36
173
27
13
247
181
252
106
164
35
246
222
63
22
125
17
190
16
154
13
228
10
14
170
124
241
121
120
126
51
51
198
101
110
205
64
169
124
78
245
248
225
3
231
183
12
239
169
76
67
54
141
198
25
83
41
126
190
25
21
42
23
172
173
111
62
144
228
100
123
219
7
30
31
55
111
175
162
10
32
98
5
51
30
212
173
176
128
109
121
82
197
176
189
8
170
210
102
140
60
162
7
33
249
77
59
6
170
190
234
236
149
112
104
234
80
202
131
30
53
122
172
185
141
230
86
31
185
133
25
76
200
83
30
107
92
243
86
4
235
252
123
11
55
128
165
76
178
83
15
174
227
248
99
232
197
110
61
249
136
14
23
92
96
221
251
128
78
182
96
196
5
71
246
60
32
58
11
209
126
96
3
133
49
96
117
93
14
134
45
215
121
243
147
223
37
194
192
174
76
109
211
158
108
168
136
9
68
192
86
16
81
231
127
191
91
138
194
67
144
134
46
241
145
66
231
99
49
255
223
219
209
116
188
214
90
231
137
27
224
235
54
49
61
13
212
78
231
120
155
152
98
98
55
238
32
44
241
102
89
125
227
66
41
101
34
164
194
181
205
203
2
120
112
189
181
168
226
173
3
209
108
140
115
187
166
215
220
132
147
4
79
245
144
170
29
192
128
14
66
104
124
30
76
37
31
66
242
52
176
131
136
72
248
49
231
205
234
99
60
254
193
140
18
188
58
204
210
162
201
125
162
160
255
206
253
25
74
107
18
188
41
194
226
58
92
147
128
81
27
122
19
255
21
181
55
159
205
242
128
229
187
81
47
231
19
252
17
156
193
212
232
186
1
111
228
180
4
138
191
12
161
63
247
80
156
35
71
11
55
206
195
176
44
69
58
59
205
251
35
128
167
232
31
139
158
66
128
209
27
190
218
187
254
204
186
164
146
101
9
92
134
137
111
10
11
168
110
115
192
131
196
41
238
177
205
217
21
148
241
102
120
88
111
7
235
136
208
76
1
251
76
113
73
43
106
174
60
127
99
119
57
208
158
31
169
122
144
40
220
226
243
181
199
110
250
36
242
119
92
247
193
87
13
249
192
110
201
119
42
28
255
128
90
244
69
130
52
9
236
130
207
141
38
11
76
71
112
213
112
215
18
77
155
227
149
51
240
102
62
184
31
83
181
150
27
207
113
94
70
91
36
20
187
164
2
101
250
66
22
194
32
44
38
5
119
37
174
104
19
186
56
233
211
101
251
199
84
109
34
208
244
234
153
129
62
197
123
236
63
247
116
90
243
31
124
159
80
101
140
50
159
96
96
171
147
228
102
182
249
103
110
141
10
251
243
159
214
143
248
114
57
148
252
224
40
128
139
143
99
100
174
200
122
112
94
154
66
144
202
247
118
124
160
238
52
192
205
31
103
40
125
29
199
231
153
18
143
41
163
27
108
77
207
123
248
42
148
183
135
98
183
37
3
186
254
206
82
43
174
85
183
116
62
144
2
160
151
128
219
83
70
90
34
53
75
163
50
178
86
253
164
220
190
201
111
141
183
187
187
205
5
142
65
139
92
175
24
117
3
142
91
99
208
191
84
39
2
52
98
150
175
183
70
249
101
145
68
215
181
140
190
248
8
101
74
79
95
103
225
145
251
130
102
154
233
221
57
193
119
27
44
104
159
70
56
54
38
137
118
238
83
89
10
8
215
81
255
191
163
105
161
21
165
147
172
24
125
88
223
43
159
122
40
189
251
67
251
171
114
57
11
40
159
187
13
63
84
176
191
42
12
93
131
217
33
76
64
191
158
192
234
217
149
183
248
128
181
154
241
174
51
171
70
140
13
134
174
84
27
205
197
186
44
200
149
88
246
53
147
216
225
6
77
142
200
225
122
103
132
27
40
52
23
0
31
141
221
6
209
227
170
62
62
170
61
24
26
38
188
111
249
139
173
109
127
121
226
134
18
208
14
134
196
182
55
188
166
172
126
227
127
230
120
116
68
140
244
117
226
132
140
47
64
253
226
59
138
70
192
46
113
139
49
101
155
217
207
246
16
177
106
177
167
84
98
230
45
132
35
128
22
223
230
77
42
116
108
187
58
75
195
8
85
16
56
71
86
173
189
91
79
3
51
143
176
21
162
124
9
2
196
250
233
198
177
54
169
85
45
102
133
200
104
60
190
168
218
135
93
98
54
218
182
7
49
110
243
224
8
172
6
32
29
181
171
141
208
172
225
142
68
250
54
153
133
199
74
121
195
147
252
60
166
42
54
166
239
59
249
39
177
96
201
193
82
56
2
214
137
236
177
93
139
166
149
168
35
112
220
234
159
69
112
2
69
77
204
47
157
70
93
135
27
153
0
169
213
79
28
55
138
195
43
176
246
195
130
203
247
170
58
132
180
120
190
95
226
91
225
244
105
55
107
160
7
230
119
108
219
169
52
181
241
177
222
139
20
105
144
246
200
146
61
139
154
32
44
231
235
217
180
114
192
13
89
71
174
33
173
222
241
122
137
20
111
111
171
101
217
147
244
134
39
124
240
223
201
246
194
23
219
189
242
227
164
220
251
173
221
6
68
127
252
101
227
90
151
175
200
126
216
85
89
236
73
229
148
212
131
132
81
5
116
196
115
88
154
154
231
225
194
59
69
151
55
184
201
199
193
163
249
80
152
177
54
148
239
214
227
68
232
37
14
20
137
177
118
125
115
83
214
22
61
41
168
149
133
203
98
209
3
217
223
18
114
40
234
202
108
28
244
126
97
210
254
100
0
181
75
63
196
158
50
125
59
122
53
185
18
244
45
31
31
77
106
111
49
161
40
250
17
186
219
142
151
211
168
90
221
180
33
217
70
0
236
237
151
240
174
172
75
15
189
138
47
234
218
195
203
124
152
153
26
50
182
127
223
193
110
90
113
53
220
14
26
91
224
103
91
30
244
10
124
218
11
167
74
40
126
248
140
40
101
228
245
15
164
197
5
177
182
215
254
165
173
159
11
31
139
109
135
68
115
248
193
56
83
31
7
226
56
51
148
22
39
194
106
51
111
167
251
228
16
1
83
221
203
27
186
232
58
103
79
129
63
51
5
143
64
217
229
85
57
112
58
109
173
153
73
29
232
93
246
212
14
115
211
62
128
203
216
97
161
57
207
219
86
234
136
206
240
141
72
74
190
214
174
214
134
76
181
77
169
182
112
61
247
220
22
181
118
87
224
89
223
241
135
74
165
19
112
77
5
28
68
8
30
29
129
182
21
13
212
248
179
171
177
240
144
37
148
69
70
36
238
158
84
244
34
110
112
212
140
114
166
193
26
238
211
76
131
143
14
28
113
139
238
163
47
150
0
137
94
248
222
4
111
36
185
3
7
159
38
199
236
19
59
19
195
108
232
130
2
65
36
176
42
111
133
199
85
128
163
177
252
105
67
157
108
148
115
56
66
93
249
149
120
109
51
228
105
248
71
159
9
149
26
0
6
75
116
241
193
30
79
248
168
234
162
140
207
78
36
34
179
78
173
185
76
46
17
97
172
122
229
124
22
63
118
20
226
224
83
239
214
237
31
65
122
58
215
12
144
99
195
179
9
13
136
207
172
120
44
203
156
33
169
199
244
239
109
104
30
65
44
158
218
135
223
251
63
48
50
68
199
87
191
164
231
205
81
220
147
195
99
19
41
114
112
182
16
197
172
243
219
188
230
16
92
33
126
66
42
86
149
244
18
208
39
63
42
102
15
74
211
215
101
23
66
140
54
177
201
247
113
168
189
173
93
232
129
217
109
159
219
203
166
42
11
17
67
10
57
212
138
172
20
131
9
67
43
160
178
245
84
198
59
125
95
128
195
234
198
49
73
87
122
225
122
143
127
28
228
77
63
231
175
104
36
172
135
115
104
211
30
179
196
53
82
157
97
11
159
170
160
91
124
189
34
158
167
139
59
156
24
185
46
180
143
27
197
157
77
243
13
213
97
95
229
30
93
143
65
178
142
38
73
171
162
85
168
215
38
129
105
74
102
1
136
174
157
129
245
156
125
115
61
184
188
88
236
187
83
190
198
76
10
244
6
83
223
5
40
31
116
90
242
47
247
202
192
122
25
72
184
208
101
163
62
253
231
244
139
245
177
139
157
183
181
12
250
223
147
130
29
78
122
248
140
206
53
236
9
42
56
4
95
63
245
136
17
219
248
85
162
9
164
25
227
240
177
224
127
86
213
35
169
29
42
173
149
113
22
92
137
24
97
184
111
183
209
137
134
50
107
132
244
166
203
10
82
140
0
95
97
209
174
71
105
106
183
192
23
91
24
146
172
234
93
69
156
136
116
238
201
187
15
55
79
117
79
109
129
238
155
26
155
18
174
44
166
195
47
151
170
11
191
138
98
178
0
72
46
1
176
203
161
10
87
226
81
4
150
93
106
53
98
51
1
241
233
140
61
147
204
110
208
128
24
26
255
60
112
212
9
113
246
26
8
228
183
20
126
90
94
66
196
93
211
95
141
245
232
40
80
251
68
17
121
121
27
10
31
177
135
49
124
134
254
131
216
134
43
59
150
243
35
152
231
150
192
55
15
126
113
88
167
32
203
219
142
18
19
136
38
24
191
171
81
245
4
87
122
184
212
165
107
13
215
158
136
217
190
181
149
64
142
121
103
237
55
4
161
168
26
144
214
118
172
60
120
109
189
237
80
9
213
225
95
154
109
189
150
211
199
177
11
148
250
6
131
210
192
246
102
49
251
49
7
172
104
126
179
51
20
249
235
175
90
95
27
13
144
142
136
220
105
251
69
74
35
66
190
121
111
21
210
216
204
199
227
223
247
137
234
107
24
21
150
41
101
83
153
89
194
95
30
226
25
27
84
154
58
126
195
145
204
34
142
209
62
111
70
153
138
154
105
66
99
134
154
173
134
233
1
110
31
182
122
24
196
57
18
136
158
162
244
254
45
186
9
54
91
47
205
161
36
19
67
89
125
20
253
233
107
17
47
9
253
109
190
163
70
187
235
71
254
51
246
251
68
26
185
138
145
157
103
129
138
250
27
55
146
32
206
15
221
79
21
229
255
131
23
57
67
241
240
12
98
56
51
78
32
50
114
45
221
190
173
105
5
235
13
144
57
146
148
187
213
120
34
44
202
59
182
75
223
248
48
19
232
124
120
208
235
213
33
78
188
117
44
101
43
71
203
207
126
86
94
69
107
88
214
47
173
226
43
34
102
27
178
202
3
219
27
52
198
141
5
9
170
239
98
46
222
205
103
33
126
173
99
1
251
188
245
167
176
114
241
213
222
7
26
182
61
162
189
253
135
72
240
133
150
192
190
42
62
193
63
70
97
20
16
118
168
116
175
6
177
66
4
179
57
75
187
83
77
184
154
193
51
177
82
14
94
181
19
105
66
188
104
201
22
25
61
125
50
27
193
4
57
209
237
20
93
198
225
85
217
109
13
157
112
230
142
115
173
218
110
112
57
234
39
144
210
199
178
204
111
89
254
23
84
224
121
113
190
18
194
36
116
61
71
80
144
38
45
148
6
7
152
1
156
18
247
5
218
67
26
80
115
121
227
177
202
35
15
242
211
75
52
163
249
55
193
195
249
127
8
87
101
200
11
247
84
18
143
177
82
109
216
135
205
25
42
44
33
13
102
22
154
59
140
223
218
68
230
29
15
68
186
223
24
22
117
245
221
108
3
60
96
108
206
245
1
76
236
70
162
25
10
197
175
60
233
10
52
113
102
65
253
178
156
201
220
71
126
88
229
251
167
82
77
168
211
130
140
221
76
115
253
22
109
19
71
68
117
7
159
185
10
59
81
119
197
210
215
126
89
25
211
49
137
81
66
158
221
77
237
55
207
121
136
165
119
87
225
198
128
236
67
206
224
35
180
2
56
139
24
181
155
127
67
191
175
131
152
123
127
226
98
222
20
191
214
11
211
107
247
88
169
255
12
64
90
76
210
146
96
114
84
2
90
108
30
37
254
141
25
31
212
78
185
210
236
239
92
25
37
248
133
15
231
162
124
207
235
89
186
94
95
29
117
12
249
1
197
207
22
56
165
139
220
142
53
57
240
175
119
209
159
40
227
235
41
207
250
65
162
105
130
9
210
147
76
118
158
93
42
219
186
216
222
238
236
112
136
71
125
165
45
91
237
226
62
172
197
140
7
158
238
197
248
254
219
255
252
59
58
216
217
49
135
238
132
112
214
117
33
221
89
180
28
44
233
168
246
220
165
124
71
96
188
148
252
209
118
111
78
201
68
24
240
209
133
145
137
183
83
169
105
44
9
138
11
6
30
212
34
252
181
100
131
247
142
221
197
117
83
95
36
204
211
231
230
247
207
111
58
17
108
147
72
81
44
194
170
210
142
79
1
40
182
163
246
82
45
197
117
194
63
208
121
118
66
114
112
163
230
70
93
226
206
84
23
105
98
82
96
38
204
119
223
200
187
158
213
66
225
39
149
202
30
48
2
101
29
165
222
132
27
21
251
162
51
229
161
204
70
207
32
9
11
165
177
180
168
52
181
149
114
9
241
180
63
202
192
153
109
246
169
219
172
73
20
22
43
93
22
137
35
241
22
223
91
31
58
245
251
187
165
212
238
137
58
148
123
102
182
191
12
248
9
13
49
89
207
202
57
48
221
93
131
206
75
28
37
84
235
220
77
30
224
159
204
20
54
210
200
133
70
170
235
237
239
238
202
88
139
85
232
180
51
154
186
0
161
79
199
114
184
159
235
243
246
151
52
201
184
233
11
239
163
104
213
7
157
185
48
229
130
67
125
143
154
240
180
155
56
173
46
159
203
186
158
188
20
86
22
238
82
146
24
143
167
147
1
189
112
55
178
139
191
164
108
197
248
27
255
164
12
140
235
232
95
169
86
64
167
220
152
4
73
79
199
175
133
6
3
113
157
171
170
122
249
62
84
117
136
206
79
133
138
239
117
183
254
12
178
91
48
119
129
86
102
125
253
29
93
158
226
234
249
254
190
103
154
66
134
19
140
61
110
210
48
231
245
198
100
251
229
30
145
99
123
30
41
151
223
136
46
21
148
230
6
210
84
125
160
62
242
246
15
190
216
219
247
211
42
84
37
25
180
182
93
84
128
226
229
253
114
158
172
187
154
105
58
125
179
61
100
233
182
146
118
147
140
109
194
90
7
60
3
118
206
14
161
131
25
182
161
157
18
231
211
20
44
65
4
11
78
43
42
144
26
159
47
10
245
224
141
193
173
235
120
11
206
46
238
98
160
160
52
52
255
110
244
94
190
78
86
188
136
190
130
102
244
13
185
78
144
130
79
98
91
97
200
95
172
81
222
201
32
27
212
217
134
140
83
35
170
88
74
244
221
95
23
163
23
147
97
143
45
215
150
50
207
76
228
148
129
20
7
96
101
103
91
31
171
85
121
222
216
170
68
0
110
229
230
37
245
211
2
176
98
161
140
116
178
95
148
47
240
106
176
214
152
66
98
195
249
47
39
187
96
251
238
222
24
215
180
162
2
156
161
68
58
15
218
236
123
59
147
76
101
98
76
34
234
167
151
49
52
172
189
40
220
247
197
243
199
148
176
108
197
50
113
62
145
186
71
52
43
32
179
182
85
188
2
34
43
64
41
215
142
159
207
209
153
101
43
41
121
119
38
159
50
235
55
172
129
151
153
221
119
35
34
14
134
113
52
166
140
251
232
109
231
182
246
169
229
159
183
115
8
30
73
237
218
255
13
66
247
208
118
94
227
104
63
146
212
23
70
205
55
193
54
213
27
201
66
114
166
229
247
250
159
234
16
70
60
118
150
122
17
72
0
209
122
194
53
241
195
126
236
2
255
6
86
146
34
197
137
72
51
254
247
80
18
2
95
19
198
165
88
2
3
121
181
161
120
219
207
245
103
17
190
13
245
109
161
52
121
84
207
67
206
84
133
126
122
247
239
19
120
178
78
55
84
206
244
58
76
187
228
191
39
116
134
22
211
97
95
29
155
137
21
235
229
42
56
123
1
10
251
170
156
93
226
56
18
79
133
45
8
61
54
165
43
145
225
78
100
146
11
7
184
11
152
12
57
186
141
20
185
233
80
232
115
156
98
193
116
76
36
148
236
85
127
104
161
246
69
145
79
240
53
22
104
138
220
7
82
64
231
196
91
58
170
2
253
61
184
207
31
108
172
115
30
5
2
237
178
156
98
184
115
67
95
75
30
182
150
66
201
145
10
222
76
24
86
249
67
230
196
247
71
48
199
250
247
147
251
59
188
197
243
107
208
31
123
106
16
26
253
178
208
116
219
22
41
234
3
39
246
163
103
135
144
163
8
225
254
58
88
190
24
78
181
64
146
121
229
45
85
219
252
24
60
29
172
162
196
17
19
144
224
118
230
214
67
16
180
25
24
104
126
158
198
84
239
84
2
241
68
160
31
36
148
208
207
81
193
134
76
235
194
197
186
159
6
171
189
30
217
108
58
89
110
254
187
120
100
253
176
211
143
248
7
116
224
132
148
199
170
87
247
156
13
117
92
213
75
2
139
9
114
195
19
251
200
208
37
141
175
86
205
250
223
233
155
43
124
158
106
38
21
191
189
101
13
26
233
143
125
161
111
45
54
101
156
219
231
159
63
202
122
81
59
86
0
138
202
106
222
32
42
69
124
75
122
114
213
227
100
124
170
178
173
51
15
213
76
29
251
103
215
112
19
191
134
111
166
100
25
4
205
99
242
117
54
37
231
57
242
60
176
156
99
253
231
93
195
121
61
79
186
109
141
63
226
103
44
31
128
86
2
222
206
234
21
83
180
22
97
187
175
23
71
225
167
192
227
246
115
197
17
231
186
222
214
105
163
68
175
161
4
74
163
53
213
37
205
243
207
202
94
247
223
245
30
237
10
99
134
90
105
76
104
61
66
184
186
232
94
235
6
154
60
65
150
236
222
126
52
7
220
125
237
41
66
92
107
140
71
153
124
88
220
76
188
84
15
200
210
113
163
72
154
144
188
173
179
130
79
48
156
52
201
208
91
54
10
57
192
159
106
69
37
112
160
229
100
127
121
6
247
97
41
170
121
172
184
81
11
186
73
178
146
190
41
174
38
173
79
1
80
11
146
190
39
60
112
88
53
0
49
114
143
126
29
114
134
154
26
87
49
35
107
17
196
135
204
67
228
253
4
20
18
37
248
137
181
207
94
202
38
117
243
214
53
210
241
44
4
94
18
145
51
104
227
132
221
241
46
152
119
119
236
249
96
169
30
63
236
162
82
129
10
25
205
125
67
7
138
40
101
235
210
64
95
95
97
153
243
136
160
52
11
222
139
42
175
94
136
203
150
105
6
143
200
88
177
98
230
94
151
116
55
252
84
98
244
89
89
79
40
250
198
47
100
145
133
67
204
78
217
185
161
188
145
130
231
103
199
192
93
130
0
178
249
121
150
0
67
242
179
224
8
233
245
39
42
209
114
237
73
195
101
203
249
144
70
220
255
25
2
150
188
47
48
146
134
236
22
125
235
137
60
114
35
47
220
168
147
250
55
109
226
121
67
200
202
121
37
23
87
161
84
144
200
61
51
231
0
17
125
233
198
78
127
214
57
60
178
236
82
181
123
40
161
21
25
4
150
131
52
41
118
195
118
242
219
239
156
69
160
254
37
243
176
53
54
142
185
186
74
131
1
240
252
244
22
190
143
88
193
201
203
129
185
205
175
182
91
138
221
51
122
250
53
65
91
215
139
160
189
243
166
85
167
140
212
106
50
194
181
239
246
159
158
145
180
170
194
89
249
127
154
184
109
60
33
181
237
13
223
22
62
254
103
192
93
252
200
54
182
103
232
124
136
169
167
11
40
69
235
92
49
225
174
192
253
138
251
147
114
132
29
122
53
133
244
160
219
10
73
1
58
202
163
108
121
204
236
216
121
229
147
20
196
241
131
173
89
217
147
138
92
205
91
61
93
30
175
24
209
100
150
104
11
85
0
250
19
100
70
8
251
211
234
70
177
97
142
91
31
34
255
145
56
152
58
105
152
155
46
142
220
129
136
46
22
205
64
127
51
135
199
63
182
20
80
190
139
206
117
167
26
125
247
72
125
224
99
70
88
250
3
227
77
227
95
150
113
251
161
81
55
38
50
230
57
89
158
76
234
192
38
182
157
162
228
111
88
104
151
111
120
150
210
137
91
38
60
247
131
40
143
78
188
111
189
39
3
100
188
48
252
110
253
229
161
240
155
161
193
149
11
103
142
87
5
43
167
209
230
49
47
39
59
241
114
36
230
91
18
115
228
106
243
152
154
113
216
75
229
168
44
27
68
110
244
154
213
96
223
56
67
57
203
136
241
67
116
61
217
188
159
243
148
167
22
184
24
140
68
130
12
107
0
183
205
22
114
79
172
118
93
124
84
58
121
80
197
167
85
14
149
175
108
54
78
100
130
166
226
121
115
129
97
79
14
179
137
178
23
177
139
147
118
59
149
131
94
150
217
171
58
115
42
195
134
134
33
14
110
208
90
181
35
120
209
252
57
54
99
199
133
21
50
192
11
160
156
217
196
129
78
42
195
55
144
241
79
27
55
72
17
61
120
162
229
204
17
41
152
97
38
8
75
132
217
119
254
233
46
78
82
187
231
11
216
139
223
154
190
46
41
20
113
214
2
89
42
94
77
109
110
28
248
122
191
158
49
200
94
234
165
147
145
18
134
184
168
203
140
222
88
76
59
208
37
37
97
236
255
111
196
91
68
142
92
109
249
181
206
245
243
124
182
100
5
91
106
5
167
200
255
76
56
29
247
189
16
83
186
137
56
148
76
137
148
47
114
5
6
2
145
44
137
160
202
211
105
17
230
146
134
3
50
214
40
219
90
118
88
5
170
15
201
108
37
55
46
215
32
249
64
161
123
136
177
68
55
60
71
126
239
253
54
92
248
43
31
74
176
70
167
121
11
41
224
194
69
27
187
191
102
159
131
89
205
78
99
197
210
71
93
204
252
218
10
53
160
178
180
242
69
219
16
246
229
223
155
192
163
16
79
145
98
230
248
87
148
86
66
132
174
235
70
33
134
23
1
125
53
117
253
224
53
48
66
75
103
125
168
121
91
15
118
251
162
54
80
95
36
173
66
226
210
100
123
16
9
57
152
254
126
136
180
5
71
45
193
25
240
111
197
53
26
110
149
234
150
76
3
120
13
104
111
130
164
211
169
45
43
241
108
75
134
59
30
246
48
159
203
120
53
114
214
250
110
74
67
11
101
82
159
143
255
50
81
252
33
38
88
252
73
180
130
10
134
146
135
90
31
9
43
30
166
206
33
142
122
183
22
117
124
194
114
1
21
204
195
251
91
156
130
18
52
72
130
241
58
176
208
162
119
98
242
121
204
105
199
38
163
128
187
55
135
196
95
76
136
102
229
226
7
184
78
30
122
108
132
100
79
70
61
169
47
49
239
149
73
208
204
61
186
135
143
139
45
238
116
185
26
76
150
90
255
227
27
214
68
69
111
159
51
172
250
247
215
12
241
224
201
208
170
2
216
167
253
131
235
30
240
116
249
83
32
102
143
181
182
210
175
42
236
95
242
65
209
21
111
195
62
71
17
150
89
60
163
252
103
122
137
227
105
250
96
191
101
62
210
241
148
193
192
162
165
125
238
83
202
159
137
12
147
20
46
209
194
85
66
80
250
193
233
3
28
217
174
61
23
38
227
2
126
75
232
74
151
178
225
76
14
217
166
8
185
206
102
231
248
27
84
193
174
76
188
80
137
16
216
5
72
155
89
75
121
123
124
114
196
145
35
252
26
215
51
158
202
26
84
203
37
10
27
67
249
51
163
100
115
229
101
42
139
185
38
115
23
86
105
225
219
252
25
154
163
113
118
79
171
35
57
223
142
167
216
212
9
52
196
200
216
135
94
121
64
161
70
88
236
25
29
77
180
246
122
246
102
91
105
87
41
145
110
252
47
89
15
12
13
210
19
229
235
131
142
229
238
149
74
98
228
241
50
236
174
130
133
63
77
49
209
28
181
238
99
126
219
139
216
193
213
91
128
153
109
5
232
144
95
177
162
100
169
23
145
187
39
247
218
53
230
74
227
163
235
241
222
123
255
37
126
217
123
95
118
28
138
89
166
224
42
53
239
205
37
62
5
120
65
170
126
21
217
3
170
125
162
3
184
37
215
243
127
174
243
193
167
14
74
2
132
13
249
35
108
177
68
2
177
69
25
155
175
105
122
251
60
230
247
236
110
145
36
56
108
37
22
159
20
179
65
237
173
194
62
231
18
147
155
240
252
147
24
99
39
203
141
132
208
36
233
241
38
74
218
246
251
75
182
51
206
151
254
176
17
132
72
22
16
121
1
237
113
38
243
39
52
29
178
168
249
81
83
249
160
145
152
158
18
178
14
99
30
196
185
166
144
30
192
186
137
154
50
121
81
133
207
133
210
53
28
130
219
88
158
103
224
190
12
160
107
103
115
2
249
161
179
52
98
33
185
252
154
46
184
45
132
248
66
152
203
141
170
101
145
221
206
210
101
126
11
207
216
149
224
236
246
244
125
64
187
227
14
67
66
64
179
42
134
33
228
115
67
175
26
220
204
205
56
32
11
153
227
43
11
125
103
103
210
115
91
137
18
42
13
4
243
208
22
176
50
48
101
93
145
2
163
192
155
249
144
23
238
201
56
206
0
76
20
233
81
209
86
238
129
76
218
121
216
34
212
167
0
148
157
243
218
25
240
57
227
43
135
197
5
177
105
191
208
56
113
113
190
173
232
97
212
138
23
139
250
114
130
168
251
208
162
26
174
182
16
115
163
88
253
238
192
72
213
3
238
83
80
245
134
255
172
110
122
225
138
92
54
20
81
37
138
92
185
29
204
68
46
91
9
92
215
245
129
238
215
149
253
67
23
116
35
145
61
5
216
157
205
14
184
13
124
13
229
90
71
211
218
201
238
115
200
91
128
122
107
32
183
123
172
0
183
160
126
139
114
153
24
166
232
227
136
24
53
146
49
140
36
109
81
89
1
124
205
145
116
48
248
185
245
94
5
241
177
196
23
56
157
34
147
197
64
219
53
201
53
138
255
21
110
170
162
167
195
115
212
17
253
227
55
2
46
93
61
53
147
217
79
208
150
13
255
121
192
116
138
158
183
133
2
75
11
136
35
10
188
24
56
212
80
92
218
43
181
61
38
186
19
68
114
135
59
180
217
110
184
123
122
121
227
153
129
126
226
0
61
80
158
128
121
1
223
9
130
116
102
49
174
71
163
10
183
155
102
211
245
99
101
31
144
243
191
221
88
218
75
251
249
60
67
229
73
254
246
20
112
25
182
243
29
127
91
71
187
165
33
162
237
143
208
16
116
30
158
67
216
244
228
105
162
105
118
172
80
85
62
127
53
95
227
54
234
244
86
45
13
176
177
145
113
137
47
161
111
90
10
50
187
199
90
216
243
161
144
96
69
185
182
193
114
177
219
195
239
243
107
178
127
239
3
179
230
194
65
145
163
21
169
131
66
83
67
105
44
122
213
30
56
75
14
233
16
190
39
91
194
2
79
144
204
91
43
209
252
162
117
157
45
167
131
44
76
128
175
224
250
223
22
4
27
40
197
117
126
113
32
127
79
64
135
95
233
50
24
243
129
221
66
209
54
210
141
99
53
17
177
128
191
52
49
54
233
203
127
122
207
195
36
134
7
94
190
229
24
25
54
220
138
203
165
165
203
75
15
49
168
197
239
126
159
175
109
70
37
94
79
173
237
237
151
215
207
8
253
182
254
205
174
95
115
182
37
152
196
230
179
61
164
30
230
55
83
31
217
63
177
226
165
214
97
42
130
166
163
21
79
201
146
213
50
147
39
28
188
233
82
95
65
70
197
122
172
39
214
93
131
113
33
33
154
12
127
0
207
176
191
177
204
35
113
88
254
143
19
58
141
171
10
104
57
206
98
156
138
217
90
67
215
19
41
223
139
163
208
122
116
203
224
121
184
208
221
39
15
99
75
133
103
96
78
217
174
178
48
246
211
79
233
247
127
4
250
66
190
160
152
6
54
100
68
188
146
122
171
45
34
5
180
2
62
210
3
17
75
102
60
25
237
182
19
23
199
103
240
157
170
106
4
148
31
29
62
26
232
214
110
146
98
118
124
117
218
78
94
78
73
253
183
219
136
208
255
10
158
179
16
100
70
12
202
64
103
136
181
255
120
81
179
146
192
138
253
26
109
190
138
227
51
247
164
128
219
185
184
232
224
7
159
69
130
75
158
239
67
104
55
163
48
32
132
214
184
241
222
90
214
228
106
190
33
37
113
2
24
109
119
243
236
206
157
43
141
174
250
235
184
4
52
136
156
59
56
161
139
54
2
151
233
117
122
28
196
113
218
187
35
31
138
176
51
93
2
231
167
239
149
18
244
73
33
142
126
91
215
253
48
211
69
142
177
116
149
72
44
255
38
116
175
250
16
223
83
77
191
9
226
147
55
122
245
150
92
126
130
180
214
190
7
228
171
96
248
240
19
75
79
10
141
29
46
63
195
162
50
168
229
192
252
148
46
51
170
220
60
121
28
127
232
137
102
7
60
235
191
144
34
58
42
122
100
98
111
26
114
255
205
7
162
29
251
217
147
78
217
161
17
68
225
83
221
194
246
229
170
37
223
178
17
66
178
201
16
37
95
179
245
215
147
178
126
175
95
1
104
212
222
174
37
29
7
91
88
153
166
92
23
251
202
