57
39
248
150
146
61
113
175
251
64
242
61
207
224
6
86
19
47
162
154
227
244
46
11
133
71
223
177
84
51
117
0
238
143
122
180
147
141
211
200
186
86
112
30
111
32
74
176
251
153
45
19
249
100
79
180
188
160
89
38
28
43
129
62
84
141
149
19
160
69
222
39
161
32
33
239
157
229
190
219
67
87
231
1
25
139
138
33
206
214
57
231
162
176
61
38
39
192
37
155
205
105
68
78
74
44
117
220
74
113
13
81
9
190
125
192
62
26
65
150
58
138
112
69
194
202
107
35
227
125
33
6
209
24
195
1
112
31
123
77
148
45
192
80
207
147
132
48
254
94
35
80
248
226
135
156
222
99
186
160
129
232
201
52
116
100
160
45
232
68
212
100
135
217
47
111
102
71
134
26
7
87
236
207
137
160
88
144
193
7
115
175
105
249
84
30
29
13
180
229
170
45
148
182
218
230
64
20
125
212
50
44
83
172
30
146
80
230
48
13
69
173
1
110
159
146
95
116
222
151
159
182
230
222
98
61
182
220
252
234
157
237
15
44
231
10
235
220
118
64
66
139
85
9
138
187
120
92
255
212
236
103
214
17
157
90
114
25
65
212
164
105
45
73
124
101
63
117
118
201
160
90
33
235
82
237
100
35
243
57
249
13
115
107
97
11
88
18
82
206
64
207
89
192
161
112
102
229
254
115
186
75
242
243
225
72
52
114
255
203
150
165
99
234
220
7
189
245
202
144
57
236
30
50
151
61
130
171
176
188
223
93
217
207
198
234
0
190
211
244
213
164
98
97
77
142
13
199
114
12
41
55
40
195
145
39
106
98
187
90
21
80
110
150
159
158
171
175
124
191
167
160
143
96
114
35
206
153
80
59
137
58
49
116
122
52
162
131
188
99
8
191
126
188
85
245
107
111
92
132
125
168
243
129
60
133
129
40
110
6
149
94
146
17
107
166
43
225
31
159
99
85
172
147
226
205
193
214
213
170
209
127
239
219
236
192
47
117
203
151
69
96
90
95
71
195
19
98
218
123
33
132
178
128
118
174
49
71
192
236
166
179
93
219
58
3
23
73
86
223
254
52
78
167
217
134
183
30
25
8
238
245
118
60
217
183
154
27
247
109
29
50
227
195
96
133
85
234
98
226
134
66
109
124
157
190
147
17
93
89
43
214
242
252
3
79
87
77
163
178
237
205
220
182
162
124
84
45
92
244
255
252
226
22
26
33
245
114
43
110
110
199
70
52
15
60
224
255
162
101
52
180
125
163
166
210
40
178
148
215
55
189
171
130
215
114
22
73
159
6
90
197
231
176
0
246
122
5
134
165
84
218
26
174
73
219
154
11
215
91
210
62
177
62
191
196
42
251
121
198
136
52
95
153
18
179
60
105
221
118
171
19
34
11
111
125
224
123
56
44
236
77
159
156
91
241
224
187
34
182
103
132
52
147
68
141
209
140
235
189
254
22
60
6
32
163
54
18
106
28
234
135
50
126
1
33
157
20
30
108
4
201
149
156
15
0
161
138
221
249
200
72
126
110
66
84
179
41
44
199
223
80
29
120
43
27
125
236
142
235
169
228
251
126
30
154
223
106
45
191
110
85
9
75
181
39
171
81
176
48
69
122
182
67
255
151
18
11
222
29
108
69
201
171
28
111
190
49
119
11
151
181
182
33
240
185
101
48
148
248
231
48
60
55
4
40
36
66
60
50
121
52
211
105
31
68
48
26
124
198
61
194
46
57
236
62
189
248
16
87
60
221
32
26
249
46
78
166
47
130
77
28
18
43
91
94
1
137
116
33
250
25
189
185
100
43
22
172
203
38
159
106
137
130
14
227
221
147
249
110
83
90
209
73
182
135
175
36
53
235
252
139
162
101
74
118
219
47
121
104
235
123
116
5
65
178
22
111
4
118
188
135
30
123
21
1
16
113
21
221
18
208
189
142
228
134
106
54
240
221
1
183
6
174
82
72
182
77
63
225
119
78
71
82
199
206
156
243
54
16
6
107
84
180
16
49
125
63
164
120
113
126
199
99
198
174
81
55
30
92
192
216
57
172
54
164
122
210
29
74
60
0
89
216
212
227
94
169
175
231
120
31
122
14
247
199
152
142
107
78
28
6
173
120
235
141
188
221
89
123
223
42
117
37
233
152
66
85
100
99
190
30
28
235
175
4
187
11
200
185
216
97
195
238
227
168
184
225
211
122
62
34
214
175
163
159
164
23
237
78
89
79
214
100
115
237
39
244
27
104
