161
8
82
37
79
222
114
242
211
153
47
82
125
88
44
102
101
20
158
138
236
92
95
87
21
14
200
208
92
49
13
176
142
103
117
47
90
104
9
180
208
224
66
127
146
40
170
115
15
168
225
107
196
171
87
56
26
210
199
117
212
115
130
11
214
220
0
69
175
48
146
10
93
59
143
219
183
104
239
152
17
150
250
234
5
93
51
232
4
8
37
252
145
202
182
213
108
226
128
203
99
57
41
248
147
202
120
142
97
196
135
176
142
118
90
250
127
16
93
59
126
89
57
73
234
224
247
35
93
185
144
170
249
189
86
187
28
192
98
128
160
254
116
83
159
247
132
127
8
173
44
85
22
42
123
140
150
199
206
46
108
251
12
253
95
143
227
7
129
26
118
61
59
251
56
220
198
73
121
66
106
218
170
140
81
156
204
68
42
19
252
182
130
115
184
211
247
94
63
142
110
172
254
253
64
41
141
147
183
170
170
188
42
83
134
241
198
207
104
241
211
168
39
238
234
101
167
92
7
109
29
97
113
17
236
95
86
195
137
79
246
29
26
8
197
219
211
123
27
234
187
227
79
217
152
63
157
3
136
96
186
217
168
60
112
179
251
130
243
70
31
210
20
153
232
212
11
115
18
40
255
38
225
176
70
162
207
67
81
65
43
93
249
139
252
126
120
47
177
239
126
134
186
149
176
125
120
62
49
29
184
63
134
49
101
45
27
167
69
77
45
93
163
77
40
90
138
87
145
176
179
236
31
163
228
134
37
169
220
78
83
134
50
84
69
106
214
14
228
155
87
144
179
43
179
175
141
195
35
206
24
61
124
199
207
97
119
125
102
88
238
33
15
219
6
56
231
3
128
120
100
232
175
111
162
14
227
7
172
28
92
230
187
216
30
207
156
185
91
141
48
149
181
15
40
153
153
123
206
98
95
104
161
174
28
164
86
36
184
125
251
6
176
91
208
70
117
72
166
52
126
15
145
172
206
146
194
14
84
80
99
87
152
133
140
40
73
221
38
148
33
115
239
213
68
136
91
216
192
129
164
166
71
248
109
199
140
16
219
46
234
175
70
92
19
220
137
186
139
13
194
204
155
4
98
12
63
229
166
142
44
4
133
12
28
35
19
128
110
80
