50
61
59
68
196
192
189
140
74
55
213
202
141
57
207
153
5
34
18
100
61
214
2
44
97
168
189
65
44
113
242
250
242
117
143
27
255
200
108
52
37
82
254
119
171
207
46
61
215
105
197
40
25
89
16
60
44
16
183
75
25
21
24
214
40
127
229
103
121
3
58
2
18
166
15
8
184
97
45
243
249
133
89
108
121
180
87
65
67
59
61
164
174
98
38
109
177
228
171
241
4
159
253
231
145
122
150
4
179
222
47
27
28
207
85
123
141
29
28
92
62
241
230
207
199
185
166
97
183
169
151
84
234
131
79
99
84
127
170
143
170
212
158
231
233
56
166
183
98
198
108
47
115
92
103
154
219
50
26
224
87
181
21
156
235
152
104
183
242
9
55
186
168
191
243
167
68
53
96
173
19
172
165
31
171
108
52
220
119
248
2
6
254
15
168
70
109
253
223
156
35
176
13
137
54
71
14
132
55
190
227
229
113
36
74
76
176
253
31
83
102
203
252
220
183
5
232
195
51
202
22
241
124
9
9
154
79
176
65
240
12
253
66
77
11
169
35
88
16
220
241
52
69
14
134
206
149
21
55
97
188
20
220
70
110
112
138
218
59
247
114
65
119
159
3
14
205
210
229
212
245
248
191
204
101
123
232
72
114
91
155
139
118
101
62
205
241
241
230
13
25
171
168
183
109
34
192
255
97
166
9
17
171
95
233
251
152
43
131
43
248
116
19
165
141
166
96
75
247
146
16
70
109
21
151
205
24
22
32
152
151
171
219
94
157
93
233
28
63
152
10
154
128
231
245
49
188
181
113
199
204
36
155
230
61
81
178
116
220
198
141
127
149
10
133
135
39
201
172
68
37
238
8
240
220
173
107
219
145
137
80
135
68
90
171
102
65
93
232
25
7
156
156
38
197
45
163
17
206
181
49
124
56
207
74
138
147
18
240
242
204
83
17
133
199
97
100
49
148
40
248
14
66
192
196
136
227
233
3
237
249
95
149
191
205
22
199
127
144
147
24
65
171
131
66
103
101
43
19
113
51
90
47
65
228
5
231
116
18
17
28
25
142
176
118
149
207
133
231
246
62
90
87
53
214
103
71
33
61
19
196
174
246
238
22
58
189
32
183
134
252
173
41
86
109
193
196
53
232
38
213
105
28
60
246
169
71
20
14
109
137
1
75
107
2
78
70
15
18
16
225
77
84
249
239
254
254
23
221
128
111
72
246
151
77
75
108
121
95
212
51
180
63
50
27
70
12
2
207
209
201
132
215
189
236
73
10
110
133
219
162
218
148
194
157
215
27
149
190
204
92
66
101
209
145
63
237
156
36
171
136
200
154
32
112
63
80
180
145
116
217
51
81
44
97
57
102
63
110
48
11
111
64
219
163
98
92
99
243
21
231
47
199
76
205
60
146
246
2
154
119
69
65
121
38
227
120
31
187
119
106
69
68
255
40
131
118
238
154
224
22
147
244
176
119
97
42
226
92
143
161
100
152
252
5
131
29
214
79
246
206
209
22
239
215
134
160
44
80
150
248
34
166
181
221
59
144
146
8
193
120
229
160
211
108
154
38
176
180
55
153
149
49
248
27
13
253
230
196
104
149
251
189
169
28
58
67
18
134
2
182
162
17
243
234
56
148
61
65
247
147
41
189
255
241
184
85
22
188
131
140
63
124
83
97
30
153
16
130
193
246
179
30
144
43
161
39
98
50
48
115
231
204
249
58
103
118
139
106
108
165
213
231
92
39
83
248
141
183
208
186
210
200
232
246
152
186
61
240
71
167
113
177
61
56
15
162
105
39
254
128
93
113
97
143
86
113
20
171
207
213
104
85
253
195
48
243
210
120
205
37
36
246
73
155
186
156
174
180
229
32
187
238
166
108
106
159
166
15
2
101
54
101
190
57
204
110
205
53
245
138
32
147
136
76
145
148
134
79
77
29
203
21
76
23
74
126
117
197
119
214
51
238
74
204
62
143
173
90
176
148
123
207
179
3
139
67
178
94
247
125
91
185
72
147
29
251
157
134
226
41
134
250
208
16
179
57
8
192
203
236
68
5
233
121
255
80
253
162
187
149
164
219
233
160
158
207
249
240
3
52
133
53
51
152
85
23
17
74
173
27
78
183
1
142
153
3
101
62
106
13
98
254
230
106
25
13
248
171
217
126
11
95
90
73
83
208
116
24
255
4
16
75
137
245
76
238
220
197
141
57
97
186
227
138
139
25
225
125
11
39
215
62
69
26
158
62
162
229
25
164
236
151
153
71
246
131
165
107
154
50
213
145
82
150
98
36
9
143
149
134
5
232
243
112
75
5
89
172
125
255
161
3
16
204
78
218
10
103
224
164
42
135
69
184
27
157
197
137
99
163
29
230
133
181
252
3
152
113
250
244
60
48
231
177
251
255
69
127
232
60
195
173
181
194
145
13
9
169
137
65
103
29
126
43
181
25
230
68
68
47
204
106
190
156
222
17
153
143
64
132
145
159
208
190
119
193
59
56
153
185
130
175
100
12
223
145
189
184
120
110
7
53
70
184
88
165
183
139
173
21
41
10
220
180
33
95
165
64
16
115
240
53
65
74
231
228
106
8
226
24
108
50
231
20
222
190
78
109
191
106
153
80
201
206
7
108
162
181
247
15
111
61
9
152
171
144
250
74
255
153
242
39
11
126
117
17
74
19
64
208
139
2
196
67
13
119
227
3
101
51
219
225
1
88
136
155
167
129
131
234
99
71
7
189
41
193
1
95
137
45
182
5
97
144
238
62
83
93
110
83
84
111
17
56
241
15
92
117
198
202
57
172
129
232
151
165
252
34
119
4
112
196
55
235
26
195
222
73
189
205
116
213
242
73
248
62
107
249
85
17
20
175
101
64
151
196
63
181
246
137
241
76
34
179
198
87
207
55
56
160
47
129
122
207
244
37
64
81
159
67
166
211
112
64
112
54
251
81
95
248
94
196
239
199
187
43
24
58
213
231
60
227
52
75
13
157
202
155
235
111
249
2
132
12
130
44
63
13
80
137
139
103
203
224
147
229
43
145
146
218
53
119
86
203
104
113
245
30
205
214
42
230
124
207
97
157
230
230
53
23
216
180
16
189
148
1
8
22
161
171
195
144
111
159
238
114
72
170
68
250
47
105
9
40
55
20
235
100
22
95
111
10
57
116
49
242
126
245
42
219
9
8
141
254
221
199
66
124
14
151
57
202
177
228
200
223
137
232
244
94
40
217
167
172
31
14
161
104
152
7
15
229
215
165
47
64
195
147
83
23
147
30
22
103
134
67
76
225
52
241
101
23
199
57
94
230
54
239
107
96
179
79
206
220
4
189
220
112
114
217
217
125
209
19
47
51
215
212
118
88
19
121
2
239
88
105
30
13
178
49
178
251
234
200
28
52
35
37
103
96
218
151
145
32
52
193
215
14
75
103
17
155
107
2
123
90
250
7
197
98
114
197
199
212
210
62
91
243
220
155
65
100
120
129
163
76
127
137
229
75
175
213
180
157
242
92
91
187
141
232
24
24
243
126
252
168
49
176
237
221
215
66
209
243
191
16
3
88
163
162
15
21
217
154
234
185
255
192
82
213
77
40
164
161
202
30
208
118
134
232
110
180
88
241
152
19
102
98
86
40
125
45
34
72
84
63
224
141
3
62
138
229
187
159
33
40
233
40
3
0
175
60
235
189
36
201
202
196
59
144
214
107
215
91
235
1
235
244
104
148
41
101
196
159
78
121
201
145
17
27
103
23
27
194
75
181
129
209
157
96
244
74
249
41
204
226
233
190
237
113
50
70
8
200
31
250
228
184
84
28
205
156
222
119
201
214
113
220
174
4
100
69
217
16
250
60
34
28
210
31
21
63
24
126
204
210
119
91
241
64
161
132
87
198
1
210
220
220
195
215
26
218
90
44
230
179
95
255
34
193
221
154
83
214
238
24
178
97
226
128
136
200
122
78
171
189
79
6
109
1
112
62
222
195
22
60
115
226
28
194
75
161
143
14
162
166
70
175
228
220
139
99
15
244
218
207
53
77
124
207
196
119
184
6
181
233
213
15
80
234
172
186
218
174
11
243
20
202
33
228
238
76
222
38
253
61
93
25
202
123
223
224
251
141
48
51
72
101
79
24
116
180
35
150
35
196
210
64
25
102
206
37
72
38
223
255
242
12
159
230
220
37
81
227
101
100
141
134
143
135
95
137
54
140
73
26
20
13
230
237
236
93
29
226
94
26
163
241
234
17
224
21
22
173
73
255
40
23
168
153
87
138
107
177
5
23
190
106
138
117
181
100
93
220
163
137
244
81
168
99
37
232
55
182
138
190
52
101
82
144
128
162
172
209
19
224
220
80
62
39
89
152
51
215
191
197
207
60
200
12
42
232
52
215
49
43
149
16
21
76
60
59
117
5
85
15
193
253
158
205
77
108
209
14
132
224
42
242
0
29
158
159
94
29
92
22
16
2
113
79
130
196
25
167
112
18
23
172
125
187
134
105
8
104
165
148
177
66
17
204
230
179
75
220
137
153
71
34
132
66
46
95
205
181
15
197
48
215
250
76
25
164
163
84
151
35
67
133
181
129
94
247
205
247
68
190
34
151
53
70
208
129
79
50
231
129
83
136
42
219
189
176
18
142
210
68
255
83
64
250
234
59
249
47
195
115
6
150
121
252
144
52
77
183
147
95
112
224
89
241
132
29
114
11
130
33
255
39
168
69
31
239
200
20
215
72
26
84
66
180
225
81
162
156
203
238
102
222
69
64
222
72
169
176
121
148
102
65
27
129
168
103
176
219
180
192
157
119
217
236
127
109
180
139
43
100
16
95
112
216
70
49
132
214
153
123
61
229
203
88
108
45
166
195
214
7
253
45
106
177
251
61
34
33
156
232
23
106
153
21
167
38
142
130
116
102
224
219
227
105
82
56
108
168
61
165
218
186
51
66
49
210
75
29
162
180
152
179
139
39
58
10
150
197
66
3
108
184
100
39
35
226
14
168
81
12
235
206
28
140
221
184
112
13
151
104
255
103
191
107
158
25
19
145
141
39
199
141
52
23
80
3
16
95
129
251
112
190
244
146
136
18
25
87
60
123
218
35
182
48
111
112
200
189
147
60
103
122
191
38
195
146
243
244
194
208
142
158
255
23
250
196
155
159
253
173
53
254
117
171
185
60
240
178
193
34
22
46
33
212
40
32
200
57
38
217
84
231
117
141
4
65
58
244
101
165
49
92
189
47
121
116
139
123
225
96
186
98
47
233
222
4
202
230
144
169
246
53
196
43
122
144
13
139
118
190
167
203
83
122
15
54
212
199
215
8
32
229
243
235
14
242
205
160
2
236
162
53
99
30
213
84
124
133
111
153
242
144
57
245
3
36
6
250
108
142
178
236
109
125
94
153
190
118
194
161
179
224
166
244
213
48
71
230
208
148
34
19
134
231
109
221
29
155
210
133
165
145
201
176
183
184
49
143
244
255
19
245
232
127
59
157
247
246
66
198
130
212
139
35
118
158
218
153
83
62
95
165
96
66
232
182
93
205
234
193
93
17
79
194
16
132
217
178
187
145
158
196
229
76
238
166
43
82
101
226
102
107
20
59
25
3
160
247
161
144
227
118
119
74
118
42
104
152
172
147
221
13
223
97
105
9
102
158
176
110
40
11
240
43
90
152
26
109
15
215
213
138
186
179
172
38
207
113
183
16
27
121
93
196
184
249
227
106
63
17
180
88
141
250
102
185
207
167
228
100
11
59
18
64
210
8
31
249
172
54
216
70
54
149
73
126
102
144
118
124
211
198
7
50
222
233
114
196
191
102
15
211
178
78
118
32
205
171
67
205
229
168
186
2
14
32
191
159
255
173
49
188
61
27
201
140
184
163
57
0
29
165
101
90
38
229
0
182
112
141
53
224
246
7
184
206
32
23
43
164
73
14
16
78
179
33
234
214
48
65
62
37
164
111
123
229
82
173
147
108
206
104
134
185
41
212
114
92
128
145
161
184
225
64
55
220
65
144
39
195
29
180
246
159
51
164
202
184
137
18
53
111
148
22
140
227
214
194
107
120
159
255
112
10
72
106
18
39
40
143
223
114
62
254
70
95
76
81
235
67
20
110
35
167
107
8
190
218
248
18
229
67
116
154
250
61
182
3
203
110
212
202
233
75
253
131
202
88
189
111
106
106
32
163
194
236
47
136
229
57
224
175
30
216
161
109
222
191
253
158
120
139
161
231
207
203
163
17
212
248
115
102
123
30
124
230
247
117
147
88
124
235
232
75
18
160
167
68
5
119
244
63
93
217
110
23
20
2
184
82
23
69
52
15
185
118
140
101
4
254
68
4
8
101
5
18
234
164
212
10
242
203
195
209
60
182
160
31
91
44
68
27
230
143
109
28
250
44
188
93
228
86
64
117
127
102
228
2
56
214
1
217
97
235
43
254
32
96
190
55
66
53
48
43
24
114
139
59
203
111
237
82
16
75
251
88
99
64
234
19
209
4
206
154
237
108
178
158
235
108
177
85
114
89
76
204
251
48
227
204
71
173
125
71
92
140
155
222
227
12
127
65
1
223
39
212
65
138
167
64
232
232
97
21
169
108
121
117
177
35
231
35
92
70
214
9
161
79
56
180
27
124
222
255
4
109
82
188
29
219
46
148
27
82
166
234
246
18
194
17
170
23
46
66
135
249
106
244
195
30
166
244
29
133
137
189
205
79
148
43
227
165
69
93
69
143
123
217
221
25
7
170
251
19
5
16
190
129
63
255
99
136
105
135
207
213
154
239
101
129
126
236
220
28
162
137
4
125
155
149
48
170
92
235
189
113
37
127
147
168
122
21
159
196
73
224
150
195
146
144
41
137
26
91
245
162
91
62
9
153
219
174
224
119
205
116
204
95
57
131
248
209
48
175
0
88
54
111
238
142
87
133
206
46
157
175
125
230
132
159
102
133
66
99
78
255
95
126
52
51
16
164
137
10
118
33
82
196
131
32
121
71
251
177
63
140
230
137
72
147
250
232
213
224
109
201
180
61
230
111
16
185
241
186
65
196
82
43
24
59
140
229
246
73
26
110
92
246
171
253
138
171
218
230
77
171
42
238
60
51
238
141
97
59
199
139
96
220
208
4
213
16
52
66
38
72
234
231
111
174
157
35
83
121
32
125
32
154
151
199
152
96
130
196
226
169
239
200
248
138
109
240
75
243
222
179
44
142
232
78
44
228
200
119
200
208
28
237
27
60
220
146
102
106
153
246
160
9
73
101
55
101
118
245
4
56
229
57
80
146
190
164
37
234
35
184
10
178
249
181
110
196
182
2
121
37
223
165
93
196
182
188
167
179
25
16
162
77
186
247
218
14
241
81
60
253
62
247
137
100
103
104
169
3
219
213
73
101
140
251
75
70
109
213
13
155
117
65
192
172
166
153
155
20
252
175
173
234
223
149
194
67
161
86
197
155
83
81
177
115
130
85
48
248
243
125
99
87
178
217
160
45
221
234
176
11
89
247
116
108
182
226
141
131
95
227
34
180
24
176
70
124
249
39
83
185
81
32
150
87
226
21
36
39
177
226
168
37
119
143
0
100
129
136
228
84
230
156
103
77
65
187
243
19
194
20
196
16
221
151
171
183
126
151
98
19
179
251
120
249
80
217
210
56
9
136
232
233
224
157
102
60
138
253
112
126
75
134
145
47
7
164
120
206
216
210
99
187
89
32
59
99
139
38
182
87
179
23
26
128
236
26
108
137
94
244
223
39
210
219
39
38
12
181
86
31
10
23
239
153
83
0
85
138
222
184
30
156
206
160
226
193
31
170
231
166
113
80
208
194
6
175
220
69
202
115
91
213
204
10
77
15
144
178
4
60
16
106
124
236
90
222
12
207
222
198
243
119
149
53
37
32
173
4
87
76
160
156
223
97
61
74
26
248
123
246
58
195
45
120
182
45
54
41
205
246
149
227
30
6
26
144
243
191
66
223
48
132
209
178
238
241
148
97
188
38
148
43
254
228
179
48
8
59
9
233
107
229
29
159
187
125
173
162
182
18
85
211
61
60
64
34
212
13
66
83
65
20
175
88
95
48
161
150
228
176
245
254
169
3
47
119
151
26
176
91
230
254
16
196
39
137
84
109
139
175
162
109
94
14
26
96
28
90
52
211
151
188
96
216
150
233
223
72
191
183
32
216
130
69
203
227
37
227
5
237
150
41
243
183
85
242
34
170
135
228
159
63
252
202
132
199
38
105
158
38
192
106
125
138
121
193
43
105
31
50
84
80
71
200
206
146
156
21
164
22
99
68
163
132
147
76
133
62
235
38
210
207
36
46
114
33
149
122
255
25
6
72
121
255
159
253
158
9
124
0
211
196
188
130
15
236
181
10
198
160
189
50
200
47
166
118
183
63
13
74
178
205
144
145
252
205
139
162
179
131
104
37
174
230
212
33
52
97
95
148
51
108
127
24
132
235
243
149
255
164
96
139
8
35
105
122
170
15
168
95
9
247
40
59
53
200
103
152
166
76
180
130
133
234
187
250
226
137
145
56
207
202
237
147
16
240
203
40
62
91
183
89
72
208
107
223
135
190
92
154
115
138
26
32
12
1
131
6
127
110
69
191
236
205
144
255
193
105
106
220
251
249
188
113
208
31
79
128
92
128
165
221
157
247
195
209
108
255
78
189
116
82
33
196
228
104
4
244
186
28
23
194
100
94
178
72
215
2
161
203
48
137
219
243
81
47
189
157
23
4
55
124
251
88
91
137
189
109
197
148
61
203
228
70
105
81
124
100
17
179
205
249
243
187
197
32
227
97
185
204
207
208
60
134
61
34
238
153
91
69
35
71
14
148
79
91
203
203
246
228
81
210
200
255
26
0
232
251
231
222
212
164
88
167
105
220
121
38
203
218
248
69
58
251
248
248
63
99
161
25
221
220
247
167
200
231
149
168
106
49
243
84
40
126
136
92
143
161
221
135
159
93
224
196
75
27
27
197
107
122
110
63
139
175
192
154
89
2
17
12
75
64
211
99
5
107
120
144
27
117
28
108
90
151
75
166
183
160
179
252
116
228
240
156
186
233
23
175
42
47
214
108
213
244
251
40
133
180
188
118
208
182
55
73
174
68
73
104
137
129
68
10
15
106
37
230
238
234
58
1
17
238
55
62
61
59
152
27
179
37
159
112
112
70
123
123
73
214
159
165
47
20
203
91
231
184
215
53
97
224
172
112
216
31
239
112
209
202
211
93
204
52
104
191
40
15
61
167
112
84
99
194
39
150
98
215
16
143
223
149
43
173
111
216
199
162
164
246
36
163
138
72
62
117
99
230
202
241
214
113
239
63
208
38
121
188
158
95
92
119
171
252
138
44
21
0
117
4
14
16
247
205
197
161
205
207
172
66
110
55
108
134
64
118
151
135
188
8
29
254
157
200
227
59
133
138
50
72
22
170
21
117
36
32
229
252
229
145
3
231
171
137
57
181
51
252
171
173
75
33
153
107
2
126
241
3
62
144
9
144
186
58
170
81
64
130
65
91
26
196
189
246
113
65
51
38
44
114
16
216
151
223
91
54
214
124
191
10
25
138
255
247
198
67
97
246
185
138
67
215
115
219
96
204
28
200
170
75
47
82
135
9
201
82
170
23
255
165
215
149
119
225
219
163
64
182
215
34
151
15
218
165
107
30
131
199
151
92
19
174
118
19
239
148
4
250
47
107
105
222
74
174
153
41
137
34
49
233
59
165
145
68
99
21
56
248
234
0
21
222
201
39
136
23
210
217
193
181
251
207
70
72
128
7
158
175
154
114
204
113
35
231
216
164
82
124
144
37
9
53
158
11
2
250
162
190
50
193
211
70
177
49
246
54
61
210
67
81
142
141
174
67
13
172
95
147
71
238
110
227
128
59
117
71
204
209
92
88
78
154
64
198
253
114
146
45
37
229
107
211
19
192
152
56
94
181
189
6
186
14
16
230
29
140
245
228
183
231
173
181
55
222
51
120
217
253
249
87
221
47
140
198
51
149
183
234
146
220
3
173
169
202
175
152
67
86
172
158
206
241
26
224
49
46
65
73
22
196
83
192
88
172
93
96
33
185
244
206
50
17
80
210
210
189
31
57
211
89
195
80
129
14
8
93
170
146
184
237
17
189
149
23
30
96
135
77
210
170
107
161
51
247
183
94
253
190
236
208
203
60
60
178
191
217
145
224
133
18
249
39
9
94
120
59
37
191
38
122
236
233
241
35
89
167
141
57
196
154
45
101
183
129
177
53
86
244
109
10
248
102
253
74
50
11
3
246
240
38
115
210
225
212
156
181
189
63
142
202
230
81
242
245
193
2
31
29
145
105
175
62
133
133
44
108
30
150
30
173
166
9
56
155
71
216
73
71
225
170
150
38
144
154
98
183
126
161
243
71
79
30
31
152
19
239
116
185
57
191
175
123
105
215
131
173
152
251
176
70
169
114
25
29
151
15
146
118
206
159
6
127
93
210
229
3
134
255
43
90
202
53
183
137
135
149
139
70
37
161
241
84
156
35
156
115
210
56
192
241
143
160
35
115
65
18
66
63
7
2
42
66
51
165
143
84
27
36
216
218
64
114
165
184
14
222
156
6
25
161
4
59
174
60
11
253
125
156
88
97
88
90
8
20
252
176
68
199
194
210
97
196
19
149
220
102
172
22
30
83
189
132
49
149
130
132
164
109
59
41
145
130
223
87
116
154
55
26
83
111
106
5
175
165
26
37
180
88
10
254
125
91
245
243
249
91
72
216
158
237
37
199
23
183
214
203
197
225
72
180
182
226
116
163
188
126
65
147
178
61
72
57
178
147
246
162
168
30
148
142
178
9
56
225
46
74
48
122
131
162
184
86
227
6
129
244
169
132
64
22
228
47
62
105
44
175
106
27
181
112
125
187
176
239
249
68
32
188
104
215
131
32
67
109
192
43
44
206
234
253
122
85
161
163
235
223
73
106
131
223
152
110
36
74
140
143
80
248
221
228
36
138
114
218
143
58
1
64
81
98
147
30
118
200
94
147
71
135
93
157
167
35
139
244
10
255
51
250
139
126
149
110
122
48
239
32
242
30
246
212
144
188
182
102
21
127
87
179
237
189
129
99
135
21
251
139
79
50
206
102
250
98
10
253
3
96
103
245
111
196
119
189
186
165
242
240
201
180
84
187
250
193
170
42
221
218
164
66
201
144
239
8
137
237
107
144
4
46
209
160
35
21
108
83
193
67
134
19
1
143
205
150
115
244
94
127
64
62
242
39
146
47
97
132
162
21
33
169
72
