45
198
239
48
222
19
120
156
170
120
15
241
226
206
68
24
5
140
64
60
76
105
60
75
14
90
74
132
138
240
161
209
149
179
93
43
202
135
8
59
144
204
42
188
99
162
188
108
2
184
46
220
216
222
182
92
55
185
2
145
63
60
145
33
101
176
96
229
245
104
154
21
79
230
147
109
193
192
82
84
47
169
90
64
10
255
172
152
0
33
233
144
252
206
26
24
79
48
37
161
155
177
255
255
161
72
140
242
169
241
44
137
253
18
100
47
3
95
154
210
209
12
140
56
151
254
59
85
222
147
60
168
31
192
47
51
157
138
20
87
205
175
138
220
138
108
143
145
214
142
52
229
99
137
158
92
167
229
128
24
2
176
17
240
176
86
213
39
166
185
185
54
40
200
89
174
92
93
78
180
126
160
243
60
50
193
228
65
98
144
199
198
97
224
214
226
94
247
131
197
140
207
167
214
119
88
204
205
2
206
249
115
48
77
45
5
88
168
72
145
64
182
24
31
94
121
226
228
69
41
232
39
20
10
250
197
25
230
15
232
105
222
224
221
157
177
110
87
107
157
110
98
202
79
73
104
64
133
239
95
210
118
128
158
56
80
104
212
250
17
235
17
109
204
102
223
43
230
6
188
79
80
241
228
49
106
127
89
203
39
213
186
127
31
245
234
229
27
182
7
142
34
85
145
150
38
252
172
110
193
35
223
203
151
124
56
130
34
13
155
121
96
237
135
202
172
222
76
208
217
150
117
33
225
105
135
168
255
115
233
76
78
187
137
34
110
121
158
248
173
236
242
141
163
192
56
14
52
105
28
248
22
173
137
123
177
119
135
71
8
50
198
187
141
255
52
108
71
89
241
107
206
242
81
94
97
164
127
26
105
64
180
97
137
49
103
115
5
229
190
212
6
179
55
151
204
140
85
191
175
40
54
238
199
86
127
247
181
156
62
80
94
239
0
13
49
81
188
210
175
79
34
98
170
21
6
191
231
20
82
21
221
38
161
97
163
102
94
214
16
99
121
188
126
180
240
132
131
37
222
158
31
74
214
209
27
250
25
138
135
239
107
214
196
220
209
36
203
60
249
241
190
254
59
122
105
165
115
185
86
215
239
30
12
62
197
98
22
231
5
235
112
215
64
224
35
252
240
37
188
181
214
82
111
201
183
94
8
15
100
112
218
102
148
86
55
168
127
166
190
142
205
96
115
22
60
249
155
54
106
192
1
95
33
244
173
125
187
89
159
139
23
0
251
59
191
148
197
189
100
52
161
145
65
200
169
109
211
195
55
172
0
222
254
172
153
91
12
39
238
108
220
50
255
121
160
98
19
178
233
65
143
227
135
94
84
133
83
189
248
46
224
214
140
213
18
206
79
229
131
254
98
42
225
73
113
69
149
180
143
50
94
255
255
250
132
124
234
140
76
24
118
58
49
79
28
35
114
228
96
64
163
140
0
172
52
34
49
250
203
102
185
85
140
228
26
234
132
173
109
213
61
80
72
203
158
107
124
43
242
234
34
76
15
97
142
153
28
189
118
175
250
108
156
18
189
236
232
19
181
5
8
249
72
38
230
223
227
191
142
23
188
102
155
197
58
242
176
66
97
65
88
106
95
73
210
42
103
54
248
181
207
255
115
53
195
137
108
7
100
79
248
171
225
58
148
18
123
99
223
147
0
241
58
127
138
62
94
174
54
113
33
126
112
169
59
212
109
107
173
190
58
74
186
232
153
223
237
154
99
121
6
20
169
59
29
85
223
214
227
237
66
36
44
152
133
86
177
157
20
80
151
216
180
163
195
70
136
220
74
167
88
33
93
66
246
26
95
245
126
140
64
185
86
235
141
41
45
130
87
112
70
218
29
70
97
196
163
6
120
162
23
119
99
129
153
111
39
65
58
243
51
101
119
254
54
53
144
29
224
164
125
26
125
9
218
20
96
169
146
221
205
3
185
102
96
69
176
26
187
113
29
88
96
0
106
200
193
143
33
255
220
143
237
251
172
3
236
91
219
145
230
233
20
138
48
32
67
99
44
251
56
247
8
50
62
200
7
220
38
227
248
160
57
0
14
84
206
103
40
197
194
48
3
122
96
174
49
149
200
57
61
196
70
66
165
185
25
20
137
116
58
124
193
185
113
215
239
0
13
199
36
44
222
220
43
198
140
99
178
92
14
81
42
40
45
226
14
232
10
97
152
84
194
78
158
18
173
216
65
178
118
206
0
248
164
162
248
104
242
178
15
59
230
242
203
203
0
53
177
52
105
213
116
145
12
107
23
107
173
57
198
195
223
39
28
109
74
237
13
234
57
76
174
220
186
52
103
137
215
31
39
118
149
9
1
66
51
161
228
78
198
147
92
62
158
37
125
165
114
124
44
113
197
2
145
200
193
14
156
185
213
94
147
73
168
106
16
114
169
151
227
105
168
90
96
74
218
165
61
224
179
86
70
192
121
169
240
106
147
23
44
1
71
206
156
199
107
194
64
185
85
84
153
224
245
203
253
228
90
229
255
195
150
46
30
71
82
185
69
180
11
87
122
58
113
96
23
64
229
107
56
237
86
184
31
33
64
126
10
245
162
211
213
86
178
193
227
248
78
149
230
44
113
228
118
110
14
61
23
40
240
22
59
90
8
213
200
192
51
189
145
70
77
55
1
201
172
139
75
22
15
1
145
242
158
81
184
175
78
41
107
207
242
228
37
220
181
76
145
16
172
197
41
203
190
64
172
30
132
147
175
177
68
174
220
238
56
201
61
88
76
179
203
133
42
178
243
229
70
38
96
31
144
75
37
220
242
102
52
103
55
89
32
152
47
7
187
204
63
247
1
137
60
31
63
59
11
198
228
90
119
79
69
247
144
200
150
42
28
7
23
119
191
95
218
189
109
177
255
27
17
231
228
132
58
138
117
223
101
160
144
142
117
2
113
34
11
240
210
35
160
47
210
143
185
60
30
255
138
232
88
101
59
163
245
156
136
194
53
180
187
143
147
134
163
124
153
237
198
96
187
245
127
198
42
113
213
33
234
245
151
219
46
89
154
46
94
128
186
128
220
243
60
2
147
246
64
205
51
54
161
186
96
169
222
8
252
179
219
23
30
109
45
160
98
143
226
107
116
212
140
241
220
248
69
252
138
192
140
125
227
72
76
166
225
11
146
83
4
76
220
219
168
124
62
4
47
223
125
147
217
109
215
41
140
50
52
182
121
26
153
149
1
138
63
110
74
163
180
247
130
211
129
134
252
153
166
70
161
84
191
229
98
54
16
210
41
78
107
120
191
72
178
4
170
168
42
163
47
38
25
246
248
242
215
110
241
103
120
237
14
44
138
5
134
49
51
254
192
241
223
118
205
113
91
28
183
168
173
110
243
143
156
72
126
110
248
3
55
31
38
234
154
130
86
147
152
232
221
2
157
86
228
247
94
220
189
183
38
55
167
24
92
255
252
142
140
0
40
164
19
204
84
246
189
46
255
201
25
113
132
173
235
201
174
160
87
142
63
247
32
70
198
82
39
50
70
73
217
175
63
106
27
152
95
86
125
101
120
177
38
204
230
84
168
173
36
74
4
161
48
35
145
102
212
16
113
217
112
243
171
174
56
110
175
41
239
35
109
105
234
85
251
187
240
158
96
14
188
215
86
68
242
253
55
5
224
232
197
160
115
181
22
53
27
190
41
50
127
225
83
59
200
234
61
95
2
68
207
232
113
66
12
203
4
170
186
227
72
243
232
168
198
118
175
221
48
253
220
124
154
138
103
100
8
114
132
101
137
85
92
153
208
92
183
222
28
158
171
51
198
179
138
5
196
179
49
14
204
128
174
141
110
165
232
75
116
221
4
201
244
227
160
75
236
163
111
21
238
247
106
113
174
185
161
205
121
225
48
92
189
129
62
40
248
237
204
214
201
95
46
149
56
142
54
81
153
175
172
29
58
63
152
93
21
110
134
8
170
16
175
8
166
83
93
78
81
179
128
201
208
62
241
22
103
129
235
121
200
46
28
204
84
120
197
209
5
168
8
81
22
166
123
32
55
35
34
240
161
115
239
46
43
142
193
143
219
96
104
10
198
158
111
139
241
114
139
166
236
186
136
113
127
4
21
197
133
131
131
23
243
76
166
244
195
219
39
42
182
221
2
164
177
144
213
131
66
188
34
244
142
189
54
154
177
7
254
214
146
85
224
55
184
99
140
90
7
249
6
66
178
116
126
206
168
150
91
110
220
205
252
40
140
70
30
229
68
238
55
207
17
58
174
87
0
190
129
231
135
204
67
139
154
103
155
56
22
110
111
221
88
2
196
34
192
33
50
46
254
175
67
148
166
60
34
11
145
5
250
1
123
194
62
8
230
138
214
140
154
82
67
191
194
203
50
67
70
62
111
149
76
112
51
203
157
29
107
15
183
70
174
59
48
78
135
219
65
255
143
205
106
193
1
181
132
6
34
132
88
147
163
197
194
10
244
192
226
0
45
52
12
90
214
114
170
109
125
120
186
232
246
223
251
35
246
86
84
116
112
118
238
91
186
33
202
30
243
176
1
230
211
219
212
110
148
211
141
64
214
83
154
8
20
4
250
196
198
182
238
231
70
5
45
140
186
65
93
145
139
33
92
179
44
90
191
14
232
52
143
37
158
216
114
91
213
156
55
157
57
253
246
46
3
6
88
34
237
197
133
79
30
134
65
141
154
98
232
181
226
125
39
189
15
201
2
72
109
80
206
146
173
132
17
102
28
43
126
103
44
117
180
70
247
87
30
146
6
29
170
194
134
77
65
43
27
13
200
143
233
35
194
61
164
146
198
231
123
49
123
109
135
25
214
70
122
140
110
234
66
36
158
75
192
14
151
140
116
204
93
37
183
217
171
86
137
4
60
51
189
195
42
216
226
228
165
13
163
237
238
121
32
49
148
49
108
212
202
229
121
237
26
75
254
54
224
6
235
24
56
117
169
167
128
21
113
108
199
232
72
66
7
30
182
208
148
229
120
40
207
235
233
106
106
254
140
126
29
127
182
68
251
213
53
182
1
167
50
105
195
140
40
183
181
30
188
80
88
232
135
25
204
111
230
48
251
238
157
180
4
93
23
119
181
18
115
79
195
218
21
67
246
95
145
135
44
128
219
57
214
49
184
169
28
31
25
61
55
129
117
45
66
225
85
134
237
131
161
54
51
90
105
87
238
224
72
207
242
58
152
100
26
50
223
214
29
64
29
134
44
181
249
141
119
218
90
228
109
89
128
47
244
3
101
213
197
169
48
0
94
74
177
177
71
86
205
75
157
53
39
165
18
202
209
130
220
217
144
70
245
110
132
76
252
231
103
186
123
129
32
181
143
77
47
212
117
164
132
182
184
13
37
251
43
85
17
37
37
102
211
90
174
239
56
137
196
202
138
34
17
221
161
252
196
150
84
55
32
65
124
166
116
242
192
7
150
15
33
194
77
135
168
62
198
196
30
215
56
129
44
74
108
200
212
188
237
18
234
31
158
176
238
104
236
99
141
216
103
69
11
236
142
177
75
169
55
220
79
168
6
99
143
254
46
186
186
228
20
100
157
118
171
7
213
158
149
152
171
169
95
9
177
12
84
179
170
140
20
148
125
111
197
235
237
167
28
94
24
93
202
10
146
46
163
210
220
20
109
164
29
203
205
61
200
6
77
119
10
3
106
124
80
233
66
253
145
126
101
57
153
214
60
35
124
253
169
59
45
203
76
165
38
145
42
128
246
10
50
201
91
234
232
0
159
245
241
199
31
40
140
131
206
105
12
81
246
151
253
44
156
177
34
66
14
74
156
157
162
126
70
193
123
136
227
14
247
248
244
73
209
47
192
249
245
223
152
237
33
254
242
88
42
93
26
24
102
38
161
171
172
102
219
246
38
223
30
181
210
145
222
194
210
171
68
129
218
124
31
127
137
249
82
22
188
6
137
20
61
96
234
115
133
81
230
69
130
77
131
143
41
212
77
33
112
42
234
9
143
188
218
162
84
242
8
216
92
37
132
109
124
35
179
8
28
15
101
243
139
62
38
170
130
222
15
63
181
35
129
88
156
57
45
58
162
138
141
117
4
33
132
4
68
248
124
221
219
61
32
236
119
177
147
19
230
44
82
60
100
228
223
230
50
126
23
64
71
184
159
121
38
85
108
13
117
203
119
70
52
151
204
201
184
41
169
1
255
183
200
121
8
231
107
74
137
47
32
153
197
118
230
176
211
230
104
28
18
66
164
135
37
2
27
38
52
188
109
55
240
44
94
255
211
1
19
124
138
96
149
77
170
179
70
46
107
138
68
174
105
218
174
185
92
168
56
48
162
147
99
104
49
99
75
107
84
239
251
207
28
203
79
0
41
58
127
14
132
227
98
207
100
103
156
51
207
70
76
16
72
216
219
162
108
205
64
50
158
53
71
40
107
141
40
40
156
142
55
15
238
167
220
217
57
151
169
51
5
148
25
183
220
88
155
44
95
94
73
76
222
224
176
252
52
199
192
106
80
216
29
28
5
130
170
83
222
154
248
123
27
75
228
242
105
242
11
62
238
249
181
147
162
215
17
79
106
122
13
190
126
53
148
241
8
67
200
48
94
101
81
116
234
194
100
199
41
185
180
47
24
64
169
72
173
49
214
250
214
36
161
80
39
3
29
226
96
150
133
130
174
204
153
91
177
123
240
117
133
123
165
189
248
0
91
177
5
5
108
195
132
114
92
14
122
228
78
103
136
156
22
219
243
175
95
54
120
21
57
10
105
23
195
30
205
244
30
49
201
221
151
243
179
95
154
81
133
182
13
66
130
246
224
75
222
124
122
56
125
205
75
239
110
37
31
135
154
18
128
195
202
10
176
224
157
73
82
242
253
112
148
128
187
38
94
46
60
77
230
230
87
114
32
237
59
66
183
252
248
178
169
237
24
27
247
119
143
16
141
3
141
130
219
116
164
225
171
161
152
1
159
106
223
236
154
239
123
198
165
128
67
34
142
123
90
122
43
63
190
6
26
181
9
240
74
250
183
91
28
172
15
5
206
133
98
176
252
172
201
73
44
208
104
226
66
248
164
42
246
83
148
140
42
2
166
136
245
185
236
95
172
95
161
141
136
44
234
236
87
59
223
12
253
121
139
62
254
96
95
184
223
157
195
116
223
129
205
99
239
120
96
80
145
212
146
223
79
160
37
69
44
46
32
168
111
0
53
143
8
25
67
124
84
54
92
107
111
245
117
181
183
131
174
148
29
124
61
62
198
224
155
36
56
201
51
179
168
52
142
108
101
236
46
200
63
45
167
152
202
204
35
142
165
243
104
89
177
105
60
224
116
87
37
96
240
220
194
132
115
217
144
89
186
89
43
69
0
146
104
186
40
240
244
239
4
66
133
67
4
184
197
26
40
168
221
14
186
48
115
88
77
99
6
82
197
188
11
19
234
204
44
69
199
183
90
78
169
68
186
198
36
156
113
94
91
146
93
215
255
9
87
144
99
214
143
13
221
95
102
224
221
235
248
44
25
177
22
225
103
119
139
27
9
163
243
109
12
215
7
138
134
160
65
96
94
127
164
184
111
178
165
27
220
5
60
117
134
191
185
142
218
145
86
95
66
253
6
197
61
39
212
5
248
232
246
141
97
130
177
182
38
115
202
193
190
198
83
7
81
67
35
96
97
36
64
134
47
53
9
108
118
7
118
0
147
192
59
95
33
68
193
54
159
198
233
111
243
122
22
29
15
122
9
2
4
14
239
219
46
55
11
183
165
192
139
178
22
221
239
248
167
155
220
197
152
31
205
123
100
21
10
164
135
185
225
49
9
91
195
210
171
24
39
153
135
194
186
217
123
14
123
220
247
229
73
24
111
217
8
88
146
72
119
7
80
172
8
215
47
5
253
219
91
134
148
160
60
234
241
68
70
0
205
48
60
141
27
141
145
14
106
181
14
97
227
121
207
214
26
27
141
180
10
134
236
231
44
114
253
36
250
206
232
167
240
216
13
113
167
108
191
146
247
72
97
120
229
203
125
201
249
228
88
150
129
73
200
233
217
228
233
205
158
212
65
212
197
20
175
213
41
0
233
183
171
148
173
110
14
3
244
208
26
17
34
252
60
108
62
36
117
157
123
141
95
251
249
98
181
79
143
153
227
65
46
231
59
75
140
200
3
13
10
40
83
113
252
139
215
201
115
125
192
178
7
4
177
1
20
100
119
46
180
185
255
103
187
43
109
5
60
86
5
44
128
3
5
153
234
96
217
78
114
124
212
100
20
128
186
79
78
8
60
164
111
99
71
56
206
124
246
193
12
197
228
182
5
73
165
252
30
238
31
89
163
121
83
237
171
167
254
64
117
229
212
7
70
109
9
177
16
69
95
45
108
143
167
96
48
96
167
80
160
157
54
172
186
115
84
80
19
237
135
198
172
187
159
17
86
87
232
248
50
215
206
192
107
108
140
185
254
81
37
233
107
161
40
143
110
225
181
251
210
125
151
50
71
138
59
3
185
155
252
46
202
14
72
241
248
103
94
242
159
179
155
119
75
60
81
132
236
50
95
126
215
96
131
230
19
192
194
117
98
182
148
2
5
99
220
165
193
39
134
176
9
67
248
105
118
155
67
110
182
246
159
21
233
82
133
210
13
111
20
185
106
121
69
6
224
172
170
14
100
156
212
134
15
122
187
78
202
30
60
184
112
63
197
40
52
134
122
56
253
5
76
216
86
238
14
45
88
114
140
165
220
247
24
52
60
149
129
44
241
186
170
61
193
98
24
129
88
99
13
65
151
19
211
239
45
177
168
183
126
245
63
192
221
59
237
11
172
212
88
77
61
140
85
218
130
112
231
63
129
32
133
213
245
125
197
159
11
21
149
47
156
221
72
17
70
8
172
13
107
213
122
41
23
6
88
60
143
40
160
59
127
221
72
89
17
108
224
227
255
82
12
95
49
191
13
187
134
171
107
164
191
57
171
216
129
193
94
79
202
211
120
3
109
244
136
5
11
217
93
93
215
233
128
87
251
143
136
20
252
27
252
137
22
118
229
225
13
181
47
26
56
174
18
130
79
53
17
176
70
201
111
162
96
91
254
135
67
33
188
8
147
103
72
113
230
35
126
222
149
48
4
201
146
146
9
42
79
5
235
104
132
6
43
215
118
244
15
51
227
137
57
128
138
82
71
242
95
171
93
255
72
44
124
193
194
119
90
240
57
135
42
197
180
100
93
91
114
176
40
199
221
127
250
170
104
223
145
173
7
177
216
157
225
107
123
235
252
69
218
160
232
75
206
159
62
27
150
85
165
149
158
182
146
96
28
9
230
100
6
245
51
246
222
162
119
183
10
114
220
111
94
203
44
14
171
135
136
179
77
151
109
175
116
180
160
153
18
144
221
195
140
219
200
100
112
42
128
157
216
117
198
113
134
74
20
123
127
139
222
87
8
80
72
17
33
248
132
56
51
59
60
63
165
28
56
208
72
176
96
228
124
251
153
190
105
87
250
238
46
64
215
86
45
199
191
229
165
73
124
170
4
7
190
219
72
214
18
53
40
210
131
230
137
20
227
198
219
32
122
73
228
143
28
71
120
158
117
107
109
121
26
79
208
97
20
8
185
137
60
72
75
12
74
27
146
226
201
217
14
57
98
227
22
121
220
88
73
150
178
105
62
242
204
2
137
29
116
223
20
65
223
22
219
54
148
225
22
232
148
171
150
139
211
157
41
225
240
147
226
89
73
102
54
226
96
108
79
58
101
254
252
106
69
60
180
57
137
209
63
201
194
156
239
36
17
212
228
151
15
6
203
54
253
166
68
197
192
48
176
201
213
208
146
229
107
207
250
202
1
112
86
131
47
22
247
174
124
147
139
208
222
181
189
212
190
167
237
107
217
250
117
38
203
139
88
105
48
136
170
131
147
150
195
225
52
166
213
96
16
43
173
0
48
84
187
148
79
147
199
14
108
48
238
157
201
65
246
55
10
152
104
112
109
158
207
172
16
88
164
51
254
78
117
138
89
205
244
184
15
143
94
235
247
244
12
216
135
187
47
201
126
45
105
40
86
186
236
21
66
109
50
48
60
190
30
68
253
190
21
167
69
104
97
60
143
118
66
150
93
135
223
233
16
187
197
162
107
101
223
139
184
11
4
177
50
174
33
129
141
143
217
97
31
77
138
26
212
151
41
251
79
240
178
207
61
31
222
98
106
16
66
96
44
219
73
208
214
67
158
246
32
22
64
212
71
86
141
44
254
172
24
209
237
71
216
176
74
166
158
102
213
15
180
215
220
214
121
43
9
225
78
99
195
115
164
160
40
124
14
66
115
234
168
79
206
126
67
223
172
120
114
184
59
210
113
112
27
148
240
242
87
88
143
145
83
174
203
221
244
41
168
94
165
77
223
200
144
223
228
4
83
233
3
226
190
15
8
98
189
181
113
84
48
168
55
221
114
167
229
35
81
206
95
189
22
56
195
146
169
205
253
85
60
27
183
62
227
21
0
43
169
168
210
74
21
200
133
218
100
128
27
19
105
141
187
23
105
154
159
162
157
202
203
89
190
4
34
55
164
163
206
210
176
192
39
168
2
156
218
131
109
170
152
214
222
209
213
40
241
151
139
155
148
204
11
30
40
52
74
224
227
251
60
171
67
68
220
34
25
194
41
7
7
19
234
219
232
215
176
245
106
235
181
146
91
252
150
251
95
24
216
131
88
89
65
136
19
45
16
230
217
190
72
159
36
109
207
138
28
118
88
44
147
176
221
179
105
51
233
61
46
115
237
47
62
96
83
230
20
185
27
151
31
117
120
35
68
222
37
42
206
174
122
30
245
113
219
164
13
71
136
171
156
76
180
203
19
228
1
227
105
19
198
203
158
192
163
60
41
88
12
211
108
88
22
112
81
230
162
128
139
242
206
139
5
155
153
16
215
151
116
118
166
201
168
93
8
121
7
96
194
163
113
206
124
251
80
192
223
0
106
183
138
45
21
62
64
208
193
113
169
65
202
249
234
206
44
205
73
140
212
152
27
183
203
26
186
11
189
146
171
25
191
1
112
21
93
70
188
55
241
12
69
229
106
222
124
192
160
27
187
195
196
40
241
39
89
148
16
228
224
175
17
49
188
20
52
17
105
32
60
77
66
138
215
107
77
141
208
88
243
30
186
118
25
27
107
26
160
175
234
202
31
70
102
57
54
49
132
1
95
121
66
102
245
189
33
143
31
46
117
56
224
95
42
130
55
197
236
104
101
140
230
106
100
51
53
160
60
115
232
3
118
174
94
187
218
112
198
69
119
195
86
6
146
205
212
129
70
144
48
129
133
232
204
171
172
20
193
177
32
186
25
128
181
58
81
111
193
28
180
131
243
239
141
12
76
230
125
236
56
114
68
54
9
243
155
221
56
174
255
244
120
225
164
113
66
140
106
56
48
117
164
206
57
156
230
99
175
65
240
187
153
76
132
18
39
175
98
213
122
193
71
220
192
42
252
1
250
73
169
134
5
236
86
2
239
152
213
180
63
108
91
219
38
237
32
146
137
55
245
184
31
155
20
109
13
160
76
122
96
20
80
113
98
192
135
110
77
140
76
35
196
209
92
76
87
101
90
115
144
105
128
34
53
248
145
214
150
121
135
61
95
207
246
123
105
68
193
0
255
64
181
254
177
47
149
169
38
215
150
8
217
133
97
53
7
26
10
76
178
203
178
7
226
103
2
177
124
84
140
241
190
89
241
99
56
75
242
219
60
32
19
85
80
194
25
232
73
254
226
215
151
117
136
22
248
31
191
40
115
81
90
185
169
37
60
239
99
2
208
230
211
55
22
65
63
149
242
141
182
30
6
174
37
21
221
153
10
16
178
117
107
232
36
168
165
216
241
76
167
61
118
115
36
106
186
239
201
9
33
57
5
65
90
229
78
7
54
241
111
32
164
174
58
126
138
153
67
201
205
74
78
147
120
57
90
39
146
75
87
132
103
102
247
227
200
105
89
152
194
150
49
219
194
12
233
24
137
0
94
10
19
160
61
7
151
86
46
233
160
104
127
5
56
148
70
247
190
247
170
127
200
16
19
13
66
209
181
18
84
12
242
76
21
66
172
204
16
10
240
214
189
181
68
25
222
99
154
13
193
106
247
229
240
228
61
211
244
221
95
132
163
143
88
130
124
193
8
181
189
156
175
57
139
229
161
21
63
199
136
213
222
102
55
131
134
171
177
178
126
61
216
188
157
67
194
212
45
35
69
160
170
92
183
228
170
100
222
186
83
88
210
20
212
128
193
203
8
28
81
158
123
121
178
213
75
187
115
109
143
21
126
218
101
42
135
186
73
74
135
122
72
10
21
139
145
61
150
27
83
166
59
15
61
187
252
232
90
252
58
130
148
4
45
74
151
26
66
213
168
119
222
19
7
90
46
180
75
59
200
123
84
186
60
183
158
67
219
222
55
101
51
178
153
230
22
11
68
130
90
135
139
85
36
224
75
26
60
45
40
198
172
254
206
87
172
219
207
74
102
156
127
173
101
198
63
4
219
119
24
170
109
165
93
123
46
217
204
81
221
160
210
106
98
149
115
52
45
122
1
28
57
79
36
74
64
218
56
8
106
93
126
101
17
2
99
134
87
215
202
97
160
173
145
88
77
133
98
194
73
54
47
21
145
123
218
217
139
20
227
137
63
173
6
65
134
189
87
58
189
255
70
106
79
65
71
121
86
110
148
231
191
105
51
141
228
174
33
212
166
63
1
37
6
227
71
234
236
117
42
27
167
121
143
81
218
255
158
41
142
19
125
194
7
20
109
175
66
43
200
120
123
246
82
59
107
143
169
152
93
2
99
222
78
71
38
219
147
241
21
105
117
78
100
68
232
156
4
68
125
28
34
19
199
154
170
215
7
103
172
160
44
182
157
219
96
171
219
244
30
39
188
239
76
179
59
90
57
154
45
178
44
165
15
20
120
247
59
249
121
95
119
95
155
192
251
216
19
32
73
210
164
95
30
178
245
40
96
242
250
155
227
153
0
68
32
206
82
48
205
9
118
43
242
24
108
155
151
45
86
55
164
97
103
16
119
225
213
78
104
174
157
152
217
206
46
170
226
205
7
122
142
182
210
232
96
52
88
183
113
23
103
110
223
81
120
253
158
123
251
255
83
124
72
214
95
71
93
72
214
45
156
73
50
133
238
85
149
123
156
114
58
164
11
63
228
181
197
38
131
103
153
117
222
235
246
59
156
113
191
56
174
22
144
160
72
136
128
147
19
169
87
130
207
105
85
249
124
148
82
42
214
152
9
26
25
75
4
105
14
59
82
106
31
149
59
49
36
155
237
130
117
5
189
144
24
180
216
163
79
181
165
229
102
131
187
147
249
200
218
11
58
61
59
84
66
120
43
165
236
222
87
95
128
214
113
198
171
53
183
140
107
120
167
13
87
26
179
237
202
128
217
211
105
246
229
212
85
97
174
1
233
186
250
77
82
7
4
72
244
153
11
103
211
63
237
133
11
246
205
52
84
254
27
44
197
245
239
139
69
127
176
150
206
34
77
249
230
249
138
121
32
184
98
123
186
78
164
246
221
180
73
29
77
44
77
19
178
159
166
144
191
38
139
93
247
200
135
139
63
142
78
1
226
117
28
219
252
198
95
8
73
147
251
116
164
23
149
57
234
15
186
153
60
84
29
45
53
152
107
144
86
133
107
3
114
195
230
149
169
181
1
7
78
193
62
155
135
236
21
87
231
245
146
67
44
232
177
196
154
138
64
206
162
96
69
94
190
193
9
67
147
216
166
115
165
1
27
39
21
244
163
177
117
192
4
203
105
132
217
234
34
151
2
96
54
94
26
113
110
230
21
121
63
47
166
166
248
182
159
143
143
199
133
220
220
130
234
207
141
85
133
167
235
43
64
6
31
56
224
160
224
127
229
220
230
103
75
62
54
79
139
208
87
32
2
126
235
105
67
218
185
74
134
172
19
177
222
207
54
145
27
172
16
193
6
64
173
206
228
38
239
165
97
186
7
161
194
118
232
169
149
163
89
67
14
94
103
2
99
185
17
73
169
156
199
252
20
143
106
232
196
41
90
118
198
181
87
187
51
119
7
123
250
154
95
229
164
127
11
175
138
47
235
61
0
249
230
214
226
93
56
239
126
47
106
11
71
98
187
180
206
120
127
244
85
100
241
57
163
73
247
11
15
218
177
111
223
2
204
255
126
229
87
83
112
248
13
243
179
15
171
44
189
46
248
115
230
24
17
132
193
86
110
120
79
208
58
196
53
24
228
100
201
42
255
248
192
28
30
177
2
234
106
138
251
49
210
92
153
164
119
242
105
244
230
140
120
60
114
164
165
192
189
29
22
162
194
109
151
151
139
46
31
206
120
211
11
172
155
202
132
184
162
203
69
113
13
112
253
4
100
3
200
232
173
238
217
114
87
221
227
56
238
193
50
40
82
163
242
4
252
196
183
40
31
64
17
211
157
243
149
187
10
249
84
85
88
109
120
31
114
167
182
57
241
2
54
115
217
22
221
63
221
209
222
109
66
148
239
144
228
143
239
101
152
160
43
229
53
75
240
4
218
239
62
103
104
9
96
21
238
12
170
78
67
55
210
139
73
29
87
193
128
52
13
1
225
215
165
233
222
145
247
29
164
169
78
39
112
196
252
6
95
84
175
162
114
74
6
244
245
162
48
39
65
55
10
252
58
214
108
213
173
36
23
101
162
177
200
80
62
98
241
174
75
59
55
120
204
152
122
222
64
86
105
176
147
34
20
150
252
146
200
13
104
251
166
141
3
160
105
154
90
192
105
65
247
158
46
99
106
208
234
3
160
50
202
0
115
209
88
18
29
135
104
117
167
36
128
62
27
198
28
12
164
46
174
176
36
105
241
77
205
182
28
255
180
155
227
249
136
26
216
108
10
169
24
185
150
165
102
38
100
200
160
40
103
99
158
165
68
99
211
144
91
181
16
223
4
172
242
176
163
184
129
205
230
224
19
81
208
187
145
2
193
232
16
94
186
217
247
197
155
156
53
232
127
72
65
19
35
142
41
4
249
136
26
102
219
38
208
62
16
5
128
254
8
58
188
114
129
121
140
170
98
156
109
53
134
94
144
155
6
154
188
71
174
187
60
199
90
44
252
168
237
163
41
54
92
120
164
117
101
86
120
171
68
136
38
56
26
31
111
223
7
43
98
61
181
101
66
106
111
48
63
145
162
16
33
114
99
225
248
226
119
10
109
236
141
76
54
73
119
231
167
83
25
50
72
133
153
248
7
41
99
225
23
222
42
75
73
237
61
1
128
16
248
42
218
246
125
223
23
167
112
234
46
54
243
2
252
63
22
196
68
218
212
25
76
191
245
190
92
80
95
247
26
130
49
57
153
125
189
164
80
142
232
108
75
178
175
100
137
106
101
243
159
201
112
97
113
185
68
17
160
231
139
12
15
110
213
157
26
41
40
135
24
146
75
237
241
173
60
126
169
65
214
86
141
5
110
164
104
233
81
229
6
209
227
22
241
113
166
202
109
71
7
202
125
229
211
123
34
238
65
158
12
49
14
238
36
131
73
140
232
196
235
174
140
210
41
9
252
62
97
248
75
140
220
5
107
61
69
17
113
13
173
167
220
245
8
112
215
58
205
7
66
80
78
252
42
22
71
79
191
20
170
219
147
57
194
235
228
132
54
14
75
169
40
234
124
188
165
33
42
219
9
120
12
92
16
97
192
24
38
172
201
42
63
210
27
145
167
233
220
21
19
112
150
0
138
156
13
69
208
68
191
123
244
155
118
148
135
145
144
216
41
89
55
35
51
98
36
192
62
113
63
28
235
64
106
193
72
81
254
223
234
197
72
97
184
25
221
3
244
181
42
33
89
106
43
67
230
60
190
95
138
255
174
57
76
52
20
15
240
178
123
192
150
14
173
25
153
146
98
181
34
83
98
207
144
53
241
125
114
212
211
172
5
42
147
118
211
121
118
77
92
202
22
29
159
107
39
56
53
173
191
242
187
82
128
200
81
171
24
65
104
1
1
204
51
22
192
74
87
206
112
100
94
217
201
11
76
8
72
21
232
63
244
91
240
87
167
253
63
191
51
59
186
207
9
180
65
111
11
53
219
140
40
10
159
75
62
57
12
53
236
10
7
125
194
156
81
229
28
133
21
125
237
26
32
239
147
176
7
137
102
242
163
82
232
84
126
193
3
29
22
216
98
250
240
125
163
242
12
164
60
224
155
83
4
243
251
24
146
199
45
135
179
224
74
96
49
200
207
255
5
72
141
82
97
183
15
140
203
32
254
211
41
130
151
3
190
238
187
215
57
231
254
64
199
80
219
112
116
180
82
4
116
85
116
219
75
103
39
216
237
25
38
249
172
24
228
84
1
116
119
249
230
13
91
198
238
171
127
139
181
154
196
1
249
179
132
225
153
62
101
9
70
230
135
206
7
177
187
35
115
165
52
137
134
52
96
175
44
16
140
250
250
73
99
195
118
30
74
12
54
57
206
61
206
207
25
23
113
11
133
115
223
199
238
33
167
191
109
124
169
30
240
253
126
236
93
100
149
131
158
227
246
251
229
112
23
241
66
128
215
100
168
7
239
174
8
222
33
39
52
154
145
247
74
97
110
13
70
9
104
195
149
199
27
34
51
140
4
81
58
89
13
135
98
209
188
124
156
158
102
1
103
253
78
254
27
205
215
88
108
34
218
244
176
18
36
229
112
74
194
116
125
245
181
210
76
32
216
143
208
8
17
91
5
65
18
63
79
211
142
242
138
55
6
178
201
38
81
101
73
120
211
223
185
102
9
105
206
186
62
112
214
117
105
79
95
56
112
44
168
153
85
165
228
183
237
187
255
253
9
167
16
22
10
150
33
176
32
44
116
118
10
132
77
160
7
183
96
8
15
230
189
7
12
212
98
78
239
103
223
85
253
65
137
199
108
78
233
222
160
75
29
235
45
38
235
254
199
135
248
47
80
226
62
90
147
103
2
36
148
21
249
142
180
223
98
230
158
89
31
4
1
198
137
178
9
156
155
109
132
52
92
185
185
131
206
110
249
93
226
136
11
105
132
108
43
204
123
101
172
197
249
42
198
54
49
127
20
27
57
213
88
243
85
128
49
127
152
135
2
54
23
47
73
164
197
182
49
32
185
97
11
115
74
128
73
99
112
101
64
252
66
222
237
137
239
24
40
151
61
183
169
100
30
153
151
194
22
12
243
218
4
150
62
119
116
59
65
158
164
155
224
159
103
2
153
236
122
118
221
137
126
215
36
98
226
55
208
245
174
212
103
186
123
215
155
181
12
232
46
153
186
132
95
44
159
158
131
237
82
235
88
229
77
197
116
143
254
202
205
75
44
251
137
27
20
26
127
202
163
77
177
80
208
233
235
43
207
79
160
201
137
125
169
27
208
204
188
177
58
119
163
161
189
103
17
208
131
98
92
29
176
185
206
116
228
143
49
203
2
148
58
222
62
150
145
233
204
16
54
195
232
113
57
39
42
170
159
240
26
155
46
183
83
48
254
198
52
184
96
103
83
29
221
172
39
163
60
67
15
49
127
6
65
191
120
56
206
248
43
47
93
251
242
216
228
97
230
203
122
157
226
150
158
213
168
110
38
177
44
48
213
86
248
106
14
20
31
252
40
125
94
1
229
142
107
213
49
226
191
246
192
79
47
34
254
156
13
77
64
3
209
90
0
74
150
85
40
200
190
162
24
154
60
207
88
51
204
84
238
246
48
8
250
228
204
76
8
137
9
194
148
50
117
73
222
166
162
102
25
228
123
158
160
122
176
14
160
12
227
203
77
134
60
106
128
239
236
113
128
93
114
89
99
64
33
48
171
11
221
194
127
59
123
17
40
58
233
82
61
136
192
88
193
1
98
185
82
184
145
48
55
14
154
48
208
37
120
185
104
182
250
21
12
25
90
116
198
113
19
67
120
213
229
246
15
38
205
133
127
3
115
68
135
55
149
149
147
103
250
218
142
89
178
41
216
207
18
22
140
95
237
173
154
237
115
13
19
160
139
83
92
122
210
227
160
16
176
155
27
67
49
161
92
62
238
91
5
185
44
114
32
49
72
7
155
215
162
27
208
170
96
209
197
246
29
29
198
177
65
14
168
215
103
95
89
99
93
152
248
144
140
61
243
125
181
218
162
162
148
9
74
61
62
222
80
33
191
21
195
52
99
198
218
191
9
162
25
189
75
255
33
255
92
70
172
127
246
169
55
202
12
113
10
211
224
85
71
66
97
177
73
230
237
47
177
130
160
239
45
82
231
50
37
250
46
40
110
66
135
40
250
215
27
200
45
254
7
107
72
139
146
133
202
36
20
188
188
242
0
97
178
109
98
58
127
101
68
168
29
157
240
58
224
30
146
69
68
127
34
225
61
14
183
207
14
143
8
132
29
239
141
124
124
219
192
91
247
148
56
104
19
245
36
128
204
172
108
30
189
45
202
217
6
88
68
250
66
180
251
73
157
216
247
142
189
57
183
6
106
88
2
176
52
128
157
1
79
203
106
178
88
238
15
62
145
95
114
195
24
55
119
222
226
5
101
200
7
223
87
197
200
150
223
191
167
205
58
180
120
40
115
219
121
105
194
160
171
253
121
151
146
220
177
53
161
128
162
17
190
18
183
228
187
156
251
136
111
66
133
126
190
193
145
100
223
105
145
27
237
52
234
92
208
188
170
68
155
142
15
56
104
194
174
175
241
194
64
127
151
51
29
147
230
130
209
149
143
71
58
177
95
192
167
92
184
186
194
126
176
151
182
213
79
249
105
254
129
123
204
15
116
75
168
154
252
213
215
4
27
18
169
246
185
227
112
8
210
189
60
4
75
195
168
58
217
85
138
226
136
136
90
3
227
23
136
41
101
253
27
152
9
238
141
220
67
212
170
236
19
65
22
13
214
207
125
72
190
133
186
178
95
251
110
47
124
91
18
184
130
237
2
247
42
192
7
11
229
86
254
237
146
202
152
179
148
66
5
15
37
136
84
98
143
101
2
229
107
124
78
172
42
122
47
172
129
200
136
243
223
218
54
158
203
254
135
144
20
75
136
119
115
162
186
156
238
202
246
112
193
29
82
171
243
3
210
87
180
132
95
176
6
11
249
222
80
181
138
120
212
205
146
181
199
23
144
32
167
121
190
106
217
191
104
59
103
153
83
95
167
12
216
195
64
214
209
32
46
106
65
209
66
48
177
53
81
96
68
105
106
69
155
32
14
64
122
176
231
130
209
141
174
126
167
63
118
21
43
83
132
219
65
36
101
45
85
217
226
165
141
18
189
26
234
25
1
179
147
4
71
102
108
99
188
86
94
251
41
86
111
5
184
74
148
237
149
162
135
197
5
29
33
142
35
10
57
150
64
93
139
26
89
110
75
222
88
193
63
208
214
19
255
73
56
32
164
160
150
206
220
111
205
147
213
2
34
121
10
165
184
43
239
19
186
212
221
166
53
67
103
15
190
230
215
131
17
26
205
186
136
163
17
128
144
69
64
15
134
161
58
43
101
132
253
190
176
188
111
129
30
98
178
25
161
72
48
67
204
162
37
117
201
51
163
225
208
58
102
50
126
60
103
192
46
75
160
105
49
240
43
49
158
74
65
144
240
94
197
38
164
66
169
132
76
179
218
157
210
115
209
197
108
70
135
213
246
223
79
126
240
108
155
32
134
126
246
245
2
232
183
212
107
99
23
170
161
246
56
166
235
47
93
253
29
113
19
242
2
32
143
139
205
244
107
80
191
172
6
81
66
7
150
91
13
55
240
53
183
19
91
164
174
158
154
45
142
16
101
93
126
206
48
227
108
109
85
237
54
26
68
194
182
170
31
199
119
71
114
252
131
222
152
169
49
45
146
48
161
250
150
24
54
53
193
5
35
246
5
111
229
224
108
117
173
82
51
45
109
253
34
231
1
71
84
126
49
56
136
186
53
201
75
240
29
101
152
172
111
175
127
159
203
28
229
54
246
170
14
17
136
189
248
205
245
215
164
64
214
154
161
235
248
144
60
1
122
117
125
79
27
10
4
153
64
71
132
254
206
139
235
143
97
9
235
205
141
247
36
228
253
185
143
157
18
73
40
205
92
139
44
12
58
66
206
0
201
169
8
240
213
219
249
160
24
1
53
167
236
200
128
115
206
217
106
60
166
127
197
107
78
87
180
169
113
26
87
191
66
136
156
226
170
131
136
218
195
26
80
42
26
191
68
180
223
227
249
56
250
124
106
153
21
90
10
167
197
151
117
82
181
219
41
98
134
20
28
219
22
115
236
238
251
129
205
9
145
208
236
69
163
48
171
176
203
198
45
241
242
177
139
24
202
20
137
124
209
99
194
243
55
60
170
25
216
210
223
189
60
197
82
38
131
19
11
59
93
23
99
186
251
22
173
131
205
51
42
44
194
48
150
55
151
59
150
251
98
235
231
77
35
82
50
235
154
112
103
8
52
133
143
43
39
246
96
111
89
83
102
40
72
103
22
163
81
160
189
239
239
73
71
65
95
150
129
219
10
3
164
209
237
48
29
18
119
105
174
25
245
26
130
199
253
145
2
59
11
136
49
55
244
102
165
142
195
7
124
27
155
201
67
201
242
169
122
18
61
77
253
108
11
141
227
238
166
88
234
160
4
25
237
26
116
97
195
222
201
150
82
251
74
112
121
255
67
176
208
184
45
246
41
109
37
25
32
239
33
234
101
94
213
36
62
57
237
35
102
116
243
68
110
46
93
17
165
106
133
153
33
198
168
221
97
230
160
29
237
204
222
178
214
62
94
7
174
10
41
111
93
206
64
69
20
149
229
101
84
188
234
101
108
249
25
247
238
135
233
185
240
108
255
84
244
68
11
214
180
201
186
121
67
111
176
0
188
18
230
193
51
180
195
118
133
94
87
55
215
44
113
123
149
68
55
73
8
180
18
69
72
37
54
203
16
251
17
38
129
78
118
154
71
99
17
140
112
243
228
31
209
234
6
212
122
168
137
215
233
198
37
253
167
149
221
48
25
163
14
231
135
217
87
75
136
240
6
198
105
137
106
222
29
12
254
59
32
251
1
39
7
55
103
108
1
174
31
100
170
250
70
189
33
204
64
140
144
1
246
227
37
84
109
107
174
137
43
95
33
242
191
235
199
253
86
61
9
229
241
213
94
204
160
11
243
59
11
135
150
105
62
199
106
202
96
233
111
135
128
55
235
122
61
128
42
23
25
164
212
101
248
163
8
252
49
214
73
171
66
110
221
229
47
8
168
148
73
64
84
177
67
28
58
212
202
143
121
95
72
23
197
6
249
63
77
55
227
114
15
206
237
183
71
27
97
143
122
140
181
46
180
14
34
103
137
241
230
179
165
149
100
239
26
174
16
245
178
225
242
244
81
198
51
130
26
47
216
49
227
177
47
180
26
67
134
83
81
24
73
175
197
216
17
135
194
194
203
127
154
19
169
165
69
190
60
16
125
7
188
38
27
215
111
108
16
214
240
38
49
69
19
87
4
35
173
57
41
183
22
254
23
226
113
138
72
237
48
232
189
156
80
182
152
80
70
251
56
61
219
27
225
8
181
212
74
36
0
193
124
215
173
10
90
147
48
244
252
203
66
209
143
126
77
28
24
53
51
208
91
34
13
191
94
177
105
105
167
53
177
134
70
155
170
121
223
167
39
240
150
221
49
255
133
37
169
144
11
214
62
84
168
95
106
48
123
145
157
214
63
167
185
233
234
16
71
10
1
124
72
94
222
237
123
172
186
234
209
236
183
69
34
135
244
8
112
223
218
75
22
185
173
215
213
148
254
211
147
68
123
109
31
178
85
16
29
35
79
120
71
20
91
182
32
104
245
250
146
171
153
44
41
155
231
179
42
127
198
168
93
216
125
171
37
130
9
159
83
94
77
85
14
130
2
223
18
175
199
105
60
215
144
41
162
30
255
176
15
139
107
49
8
255
247
240
59
45
235
191
223
115
174
251
61
128
232
233
89
212
107
234
177
72
97
140
52
113
137
227
206
46
249
236
119
96
61
178
107
254
173
55
138
255
240
102
188
144
64
248
164
246
181
104
109
94
107
46
35
37
54
125
198
205
214
202
228
89
112
80
109
219
95
223
198
96
115
61
75
1
149
41
193
207
7
187
121
179
209
88
220
38
198
74
171
139
29
72
78
34
194
238
196
180
75
215
173
206
71
37
12
11
179
214
216
17
73
88
26
223
158
235
168
163
114
220
52
101
245
224
169
17
250
240
211
217
62
69
187
209
110
72
218
126
73
63
15
239
2
151
223
215
58
79
133
48
102
200
79
152
97
169
44
171
238
203
126
10
60
9
4
55
91
154
232
174
74
199
41
81
6
70
139
140
31
16
150
195
211
147
202
129
182
176
84
221
197
43
132
2
216
224
242
233
0
114
179
204
18
109
216
1
45
200
66
39
240
2
58
145
253
237
93
122
241
80
34
13
166
87
214
212
111
39
54
173
69
15
16
142
74
236
116
83
167
166
169
86
53
169
217
163
144
6
81
171
54
71
207
141
50
69
123
150
134
15
246
152
206
223
254
145
233
54
73
86
178
227
225
235
44
196
160
14
83
