2.9449963293558143 22.620798482408034
521.5952885773299 -654.2298795857581
370.9907244569994 83.00671054148596
114.12370112755923 -76.51591048348264
-0.07133420837582949 -140.91981230136224
-181.86247476686063 -796.6986323246709
-9.134780687213619 -265.2400111532436
579.4540628336441 46.784710028835235
416.2664352598278 419.6298819748551
-279.28317078431235 180.12432399740644
-169.99278231898063 -624.9999767766973
-645.8034703651103 546.259736472604
113.66774731788713 -530.4701614298788
556.5016104771044 486.84467401844023
218.84323522456208 -302.238896325957
-173.79350783525229 -870.3863814278498
-39.466710762586885 -54.40257686491099
-390.2826037879777 210.99489997568475
274.19466424000234 -551.8416842691123
699.8723939144982 -343.65329333795853
352.30603192516617 -44.86052858745232
566.9753523725717 -341.1473867731057
52.82153273256566 90.73375287635712
-265.5608651570578 34.19645219649888
-28.05941137519791 187.3247315224686
231.31377990784384 668.9291481269804
98.78530439205706 -442.6720085176674
-106.69773404652291 23.984724710215406
556.1123991495415 380.5608312974142
-770.5744353628857 -25.19046143169928
155.26691474828942 158.95552209247495
-61.243749706727534 -229.89729418546125
-126.21350741686646 -410.92223296300693
-321.21691609763593 546.3841275967746
348.0543052729268 757.83064668022
449.98354688852965 -335.00532219779944
-205.42736021059002 -151.80044102821105
71.64280116926001 7.072641812633973
549.2119414982659 -300.9363429452681
-836.5954074713761 -538.361637035334
-44.40536220857307 57.521822579762805
142.45142620151597 -946.2454929899894
-94.39795783819713 312.19724422220884
623.1258552334275 271.9778919123958
870.5824640923906 -49.24837099370821
523.0108502521354 58.21353106301688
-54.77969652728367 -74.04317841730497
-633.9272823553526 460.2111688236108
572.735673555151 478.3924407129726
144.3216827706778 486.1566283441148
113.47603119999255 283.4434817876492
-218.6835884821677 248.37829692142353
12.754913794330887 93.62348376471891
176.43945720997067 -195.02282578791554
184.98652394235444 -556.0695891099481
175.06216754754234 -628.492499444962
355.7394680153742 -395.1974694986028
330.0702912226884 -111.815275715146
-247.865536763063 -253.72863108425975
419.7106493010343 -462.53945544641306
314.7297782826607 826.0289825839119
0.28859672187498625 -227.97099700025512
-69.7164618208476 -664.5848460350187
628.1882228162036 -265.09424549672497
-81.06927897212093 102.48914389503346
6.05253348041907 -1.7644526911436733
53.70724204926412 -20.552634378393122
-208.92056138539843 -790.5684484158757
-194.9127461529344 380.2530411396745
-145.39773561427563 -125.17614940617551
762.0850554470087 -23.08897667340146
-190.46108160386513 -254.46358739462428
482.67058398480646 -786.992996792897
76.26689972328998 -390.8265529885932
-995.16935492659 -89.0386902174725
164.8844954695145 70.16855871216487
299.948394158499 296.16124588352136
429.964797985732 -375.3223413755967
351.2657298902532 -182.2883088970006
-336.50647391447444 893.5243834721837
-181.23202149376505 -125.68465925856346
-87.46121533887809 37.79877058489475
585.8207775616739 725.9289590878053
100.54203898629805 -118.6760987758099
93.39152452418338 29.70465985468013
-469.50689825765187 820.1034052965034
231.75925579835092 145.40203481088832
-724.4339912459336 293.9645655444243
-356.58226494891693 136.22099993874343
-527.0030221901665 599.1998419558604
146.9753070236508 393.83859176577533
543.0646862104394 -514.573682086974
15.011704692830659 91.13348825888173
371.36562308213996 -490.16959634125624
-487.5468035471204 -460.16575240128907
314.22113745434353 -243.58074786369153
-533.9262686045158 383.64585256215946
207.2921565523936 -562.2406687814826
183.2386292584878 572.6735803036219
106.10575731752799 -331.74021859187815
-330.7066328399153 491.72219312102385
-650.519974608124 393.1991297915122
85.66759066864664 -703.9018335708666
-149.42617855717043 -55.227098648364354
525.5693815575636 405.5574160716425
-498.0724080991224 371.03129632737074
614.0628832438853 -747.4775366433485
-88.09969645911053 -34.10723600973253
179.15184812828377 350.2616490356383
916.8087451256865 5.921398205273154
287.77360227064327 196.73037787869617
-3.8289533554138226 -8.347737727462345
143.46428238868694 433.284390288108
229.8059072485454 54.1653030877264
475.76478289734814 -212.33773004890207
300.1167060804576 -397.27564849958765
63.36755703382074 473.65538687214803
131.8609584807609 905.4253159027359
-747.0086298512514 164.68856273348564
-375.40666588559174 901.6613135081719
2.339478272452865 -47.10717170947782
288.12855366201876 -410.4478689374979
-614.2685091593131 -54.29439753568287
-727.1488609727259 -515.9225641234038
-501.5817163060418 321.1392502382529
107.03446383978384 -547.5289821010653
-689.2857969208925 64.79469853343313
-453.64466349527294 475.0361976641335
-212.56052840493362 725.1781303295841
519.6208991419496 -703.4792239280184
291.3429909445696 -56.86719810386783
-101.9709430844293 -365.63138226279773
-398.66766539388334 524.5225792830443
934.5757270695696 97.40138675931603
17.983589812357504 437.2575320756101
488.97720783327554 -316.8442332339278
703.0172074147789 -336.7072906728845
-397.98624198212264 826.579643486406
-335.95409263532747 -649.8775118936112
59.99386423435837 19.259281518535907
50.33101637643729 20.841197061066637
642.8985006160356 -50.680609408434826
998.3729387444051 -23.93754938757401
301.82910193663184 -52.492329844487166
42.02000668029769 -719.1465125983021
-801.5232641774312 -4.523523588954407
50.19687825923107 -26.226036891933497
-304.98083969242845 -843.6478713710986
51.11357985199817 588.6780032957124
776.8360020483497 -394.4218911496627
-47.7454628516472 -301.26522978748255
667.6686128296997 667.5603482531586
-860.9713527653919 -294.0365472677779
-49.98283331765718 -54.75866708763818
210.11675708278003 696.6484753755475
-30.104423241963687 -47.742113728003446
-20.482326416975695 96.10572889849422
-136.08695990962892 208.91184530046058
-235.9885193274454 203.64886242967304
250.9652854550656 41.405257040770614
-381.30243505659325 -344.2922551467518
-185.5631814947029 -408.15691942968203
-590.1635105535282 -396.00665286120983
-6.3896288326895485 31.487441806324643
23.620150958734058 20.820452438756657
351.7831216259581 -57.20215274890551
-6.019550107716981 86.9192353980068
-6.857130251674316 -126.51629712772797
383.03028402220747 1.3369895348997611
430.74931224221285 363.1403731643646
51.52716074141573 250.0073649026298
-392.9940662565069 -798.3519392489983
375.09215417520954 147.54238413318822
-605.9648523703831 397.2353554258645
-375.89263502085953 45.80663255317555
274.1204949361223 -66.68320142971193
344.57437371288495 -319.0352250206894
125.74774116186116 650.0773962385808
-556.3227609478812 -89.8093273922436
272.33869585285765 -202.31276651291583
-217.89496208882528 951.3328954859272
251.75950746599318 -389.4653669989685
-759.4109883033253 225.95184857026263
37.98921522696971 51.660438947617216
-42.21031571629424 -674.0823707261558
-498.25256868437395 613.6559246511291
-44.67035209031624 -244.88345955698233
-103.92990450561659 -986.0857112245473
-154.06292136818206 535.5782298994386
656.6862842694256 196.48975497168553
142.5128976959552 -153.19906384279454
565.4564796471687 454.6870157749795
680.452595747549 -703.4103151337595
-862.6441761152399 -308.6931291352307
-89.72307129587885 284.69409422159674
-143.50931030948848 296.70905014073793
-409.0466616389765 440.6160983047835
-27.608593537305236 -31.202408571647332
111.33465264238957 404.9647435248244
-389.6884607647243 200.5084126798877
28.80893203647119 -82.45236528974047
229.41147106616327 376.74605483257807
252.71930015430925 -344.7260910731622
-475.2944382342 -250.11255993068588
-563.6927855051108 -777.5849751823982
5.550185646987671 101.93150289485544
80.45557376356511 -97.5812714573293
17.24038049919508 36.35786780458883
2.257015872302947 -62.55653859507479
103.76442594520913 -44.630527009036875
692.2454301140768 337.12763718148955
187.8202629130017 543.6319114666239
-321.8388403381294 0.762556813509723
-406.2541751940678 365.82276306362394
582.5992516794814 649.380345934166
643.569196026578 127.19113387500816
-144.3140350241041 -105.76340810236984
527.2316341398434 722.5337981662065
194.2913318555952 121.4878489322931
-95.9916432778251 136.32982867785606
352.99548159151317 925.8509074576094
-531.7097343077555 -629.03112688193
-169.78267782259508 -288.0215650597424
-344.60451546364544 317.83879063014723
-175.30779062337177 97.72693777045964
237.5265800077613 728.2994726079868
-373.0781191728179 -165.7520491132981
-216.55063822937868 -320.1812057780011
-45.61487634664765 13.06674414074451
221.51060064106278 -541.6732554459043
-466.57050482110094 -199.79480586037843
-710.1771231180976 -341.54667978531745
-272.13002830997493 174.4402995437362
41.16494684639921 -17.872488469402654
523.7270772254279 278.5030209892252
-191.44970492839093 -758.6878415637559
720.7159088773393 -113.01976122799903
-167.70686604808017 -583.1289249221883
530.1126984769456 -28.268157598055634
457.66396046326315 48.89052582007518
10.624434023103598 -14.172931380539081
-432.1668390149525 458.87314403505
921.904253185465 176.4876484663406
671.4077695243278 -586.3084540597262
239.06952156828868 371.94355279419824
165.12719573670373 -129.30901496674645
33.86667465203851 -925.0745024672674
69.06051516984364 -58.448020374972735
677.268604898184 288.54045075598975
-959.7240900156991 39.939789282825224
104.98443865460312 35.27275867421603
-67.48135921385256 -67.34508430402468
143.86195724585008 227.67521865315175
-463.69987604607905 -749.6052866373135
-471.20434397296486 320.0735441948639
-475.1825356463687 -569.7506549141393
-440.2081693724985 -796.4974366847046
406.87369184395243 589.8804786174501
-410.1214342657132 -616.4593340257668
9.49186177157899 -176.4599058138007
71.85480825396446 -34.91043441966032
-849.8955651857639 292.83203741625454
797.7311970605009 107.29384757252477
39.42403052847925 449.32927104379854
398.9856014805923 92.16805121311147
157.96697331298918 157.51268236292356
262.15470009234207 601.9400731505372
309.2712714225658 -440.66024444475784
606.5632243878159 -613.702410137597
599.5784215112355 719.2549073627179
-895.0355911963835 -299.6620638731883
342.85339998746366 -735.3977680697338
-0.7665791596737307 60.007604293976144
507.48236522796 -28.637763100732695
174.42478197866464 -635.505192194283
475.5421153828655 -771.0039875792809
82.12592283619442 218.01625009793818
817.3094615104308 254.79143160012538
-299.48105326166393 85.2898540596705
-70.49248210908438 -92.72887122157537
-152.68658722787083 -28.241660514025902
2.2879506806233234 -62.01459040183521
386.8575659323152 358.6785924920452
56.27418731127912 -77.86510526869165
-504.08516366919594 -375.125598345994
-79.20632770276538 -664.2784831508726
-363.12524621178164 -593.301393668048
-98.12169699013228 96.82622735037936
-638.8291520192739 -26.16404313370405
466.4452807204831 675.7944601040739
-80.42023372698299 -18.18799304354257
-927.34976110308 -82.45057111231219
605.0873990013698 -424.6483384603238
-23.375346223348842 -60.083909963494165
63.210186249830755 -50.318698974205816
98.8350866604868 546.3675283591311
-339.83789089637224 34.15395239846409
464.81001280754003 -334.37843866485855
-283.5300629232402 556.7516863707858
-107.69952241879544 476.8768254447758
65.16427068675405 -112.83646937481885
-141.48097095634427 172.63938299713004
-157.08866505855764 939.1853288833163
569.7400599827301 -376.8842828363294
-303.7275104098158 -947.8865140540265
-196.13457143865867 262.38803731782076
25.88167173059372 2.1403408079194937
-146.33303074090085 -114.91732064225103
30.18062341846544 43.06242870885251
58.684219526444615 -429.94977683855177
4.5209217990913455 -17.891272162560075
-222.59002813499922 82.24679498041291
-976.5801895780111 78.06397856589608
506.45520631529536 -708.5908272824261
375.4733033082143 59.71247083987601
862.774523051061 -90.17739672128533
-5.749502898247481 -9.254141677360575
27.842484917981796 411.64762794955914
250.8391798181009 -40.96769329852389
-816.0641936994807 -361.25030395857357
309.8069435106921 -94.95614215544794
56.376176538034855 -990.4921228632004
321.14574333853375 -501.2773055448732
294.14417198848645 -75.91224289959432
227.84959231851047 355.84096611587916
-285.9090828007001 915.3052434955375
106.13992180949495 167.28391095032467
-0.1652594564300822 1.6999544907810809
80.25588379220568 -387.29214716840715
-858.3354257712327 160.7286689924497
-235.8074166720826 -264.56943673544157
17.50469230565769 -34.53563406946283
33.68609390759863 -41.20667891564678
237.01126494684266 -750.1378198369125
-534.7413270639324 -705.1987122284747
66.47116100331155 -107.95530637992508
253.323849301954 49.80700032486707
-37.047439697096095 -19.982238968725053
986.0274802613178 -112.21306394419217
337.87967178715166 441.004502686295
4.5742410171105465 110.63765286780973
-40.31241403038385 -143.19180296912887
588.2475167995651 279.1842985722084
176.53137811561515 190.60644149280262
195.79864819634608 155.13343880250932
-478.4980906503193 -423.75715093421775
387.34592070846475 -416.60455190172013
817.2955105741275 103.97490251650039
-264.22391808342775 -510.5314614202332
159.8066598016064 -66.54656446425729
-288.24330245329514 -17.821595216575123
-20.604846186949572 38.04834873205852
-745.1975384329207 -592.3309199300461
148.55900727929063 -674.3958415569737
142.30721638046026 52.69087908062831
271.58996129871633 102.51888579154134
-72.15657571278206 190.54376699085455
-35.88214647287101 -34.6644885830785
0.9371325533833478 202.42597072445096
-674.7262398807914 -201.2145421441341
114.57045277896015 275.15678844825334
-287.61053146709395 884.1681968787668
461.1101928466736 635.6072410829399
-276.54097616721816 289.2661428574099
494.198621783098 -152.8364112428993
66.4461212741438 -600.8590554620546
579.6214888768598 69.64274417026306
63.13777412821801 85.11008058251423
-244.30022850237975 312.0996074892491
440.09598973658905 772.2643826414898
456.2676407278651 -352.8389282710809
737.2047626545191 194.86514959249394
740.7624090927401 -353.2407149032977
856.6595907343801 -81.3864272556228
-0.9558432605510336 -0.7399352533566629
-104.43476046272662 -811.0982155408664
-667.7454000689008 -634.7064034551196
-37.318543601742796 507.84562421599486
-708.4018840372961 471.23315366657835
189.49502477824734 487.6843995438293
37.12353551258344 139.98596762630504
-870.5893343082708 2.318688709886823
57.509195585039734 -131.33924464345148
-235.66974007820957 223.77919677416722
-596.3740482242112 -606.4902453714056
1.2190984941794942 -19.05431491793293
670.4044008646646 321.284542339831
-205.8212406348858 -64.91587809744384
-464.84530762625616 244.34674625153914
861.1356712179813 -269.57496546820204
16.564412171452066 18.20827337970752
306.2992434368875 -460.6941308984474
48.21428153342966 -122.67445583885979
-816.2261011764556 -137.42064807900317
62.43260717315486 -621.7544320805106
16.554253440146105 18.769230814895522
191.7795507994054 -184.5131889760907
638.5222437399749 -58.370530530276405
847.4019981509771 -33.10385607257521
-742.8086445702314 -384.24620646599317
-71.62065797155257 148.52439091023072
464.2559404987596 -623.4246535760996
-26.585514066330227 116.34028749270063
183.18632152358185 -436.72779739040743
-260.6992314050177 303.24529000481846
-541.5496056250023 -826.1860934284506
575.4409813169793 360.83224910384655
-529.8717667539081 -760.1458779780484
-375.6405900444681 85.81166790803901
8.09988880305109 -227.71230498713953
-41.27785346557581 103.49113866192887
468.12826267293536 -519.0654240214778
797.274314744879 -452.82668753059824
-361.1185115571217 344.54648960655356
-20.316800736414844 37.67532170368529
116.66634464610304 -1.536014795180829
-269.9712835665077 -114.33304393729445
355.19916174648654 -2.758094052580023
-512.6263354265257 -723.4609761073107
712.5724471684997 323.41699419557204
-79.19012511918473 -573.8882893992538
-608.1716351642013 -75.39197501375024
-19.17994063611793 599.3935334882786
-580.9599753780485 -555.4477430564833
-865.9186860220912 494.62440727824446
-276.2121183855159 -376.9622570481637
-200.91792412062543 -296.39133784694627
-701.2906169134068 434.71264052016505
-165.35397419322646 854.5358816221091
-486.785268646236 -291.1905150908087
912.3690541340269 -266.1525017487323
917.6802556634796 291.5638087794926
-56.29010366486299 -52.66841672081647
330.84310861889304 -833.8033217985674
-388.8920994827392 227.69123282854483
10.242762082611643 -21.693898771314764
-58.75583772461128 796.6730448181233
-211.95775125698304 -126.84511441320457
-507.0259664109442 -349.81096793999427
-398.13983117193595 -320.0958727592503
33.08904962697211 144.6896978848362
52.638316391697956 -675.7789804224999
522.7358549181223 -375.31445100951703
84.9689905721483 331.5425701468088
540.2440278190918 -747.1213072732231
7.5346264264956835 12.569210375455052
223.71716240963408 -460.564829038647
26.568403523367945 520.4928437011694
-537.6875831424891 815.8556923059699
423.31178196695885 -301.70344094093804
-96.42566827916923 -48.24930777970655
54.82430374346905 -118.11549443336031
-499.27806743693753 78.6984261215995
-51.74246663926972 139.02857377272616
-133.4965760716579 282.47052745273515
-83.59138581228719 -151.1561422974819
826.6469051781091 -179.9860507773814
94.18406060221055 -377.7482254180518
-18.14995779639791 55.01640968408387
-46.79816963300054 323.42298495919516
243.41998285946164 312.7751534474154
-264.15660832369275 548.0420403683303
-493.90418567789345 573.8285842347719
477.60230084078563 -659.1581535306867
61.79572669279424 -119.9383018086585
-303.3216288458718 59.73443140612275
-335.33556023078427 570.3529367927332
58.200926015654254 -723.5473770512336
605.6604977787197 -268.2255319115973
-347.5963741571198 535.1377464296263
204.72519927117358 690.6545689332231
677.8195472553263 319.91806000942586
252.18103397808676 -418.4173797846898
34.30740834487017 -642.1133897855713
-10.801124509370814 112.20730896534391
-11.773125602506148 47.363734594282484
-23.739606807279905 118.39912926230883
-608.7253767995941 3.3133566418368674
417.59223423980796 -352.9546158089019
48.44881178121021 504.7828779464721
-376.10859563909906 792.5754937657763
-84.741732337979 518.0285890824274
87.3680487610549 70.488333753429
-306.25291829306656 530.6638855181467
467.7221010679113 23.939660413799235
-151.45431798964347 494.18180850746376
209.12309229045323 -67.40650228403126
397.5180736695149 -114.27885818321792
579.7216866173108 269.6245218702646
128.1626681861009 419.35392081447407
110.38150743071031 315.2887813302978
-112.8575583629031 -212.9116386080203
-60.94428436776024 -16.803347826691027
708.2832767817443 -629.2282296359481
508.66349350047204 -761.6643686030349
-345.4742658420891 279.4586413871082
-119.53439781949088 172.07283758288108
23.88889608487981 -93.98524259251094
-84.88863587938373 355.1222234389492
10.79930231899415 -170.25253210554948
-455.07099819228995 -348.12758394363647
96.84421194024279 -805.2756612644644
-196.835069576463 485.07117796653154
-30.365268305690133 -90.61919861350097
91.55775767534752 449.8374285830081
-396.9913965990035 -752.9056457633258
37.58364252557039 -199.17238021377662
18.793653217053674 -16.795122376498274
-575.4627887104526 -270.9385692422004
585.8067338224909 -184.94616600492813
-47.97283960004827 -36.73970796939255
226.03831058706646 -389.13392860639624
-139.204493723214 -44.47168993369304
-591.1651624600427 14.929105533894317
183.47036441640728 878.0175910433792
-2.915119102799821 -1.8800250944268966
17.64613651801831 115.98017355830439
-479.2093580702553 166.06631746835671
569.8696394940265 151.39712168957297
724.3608365444974 136.1430549352475
-459.0259051685997 634.5437513395616
479.1696836154252 234.01591168373835
-8.370657594809488 194.31577221599602
-51.37141989677954 -350.2721490171851
25.01019841208065 646.9839011719141
639.9936204048148 258.9571426123358
-57.49520126003872 -103.46279880210864
-141.6313947971734 -4.478477561901807
-882.8993439219955 225.33993531863948
-275.46681754453647 -265.6596210868412
-362.40452799411355 549.0732293375228
-639.237563483603 -178.69518954461137
-242.49596077033482 135.6466983783022
-765.1402198900226 627.0328561369206
2.1112619073180428 -477.081112204153
-41.05891329762681 160.5292897409341
443.44505208355474 528.5508334854127
-223.38895390007494 -412.9885525932904
239.05012567502757 16.49773976574232
446.6177679404115 -80.04350202074454
818.7741242900106 337.65808649440197
434.93513797309697 678.672830819108
-580.8205531492266 -411.4227573482044
-47.81398311562254 -218.64684186509444
-131.11025532941508 842.2958532425399
561.3009256523218 30.900492659174095
553.025307666174 -253.2906420336023
-335.8135828288098 714.4872215911583
0.7897155439186565 4.388481542210894
-671.0377867544358 -70.82699372222804
119.04322984918602 226.34502413585548
22.481840318948034 -820.6123467264933
339.7554688243693 333.1522118772486
281.0303889872524 534.7781086113133
323.5890846188701 703.9611040692951
-142.13740620753134 353.7313408391843
111.14276592585018 17.24514544126659
62.43775952539426 131.96303804323676
-109.97304847747588 -87.31070714181523
-526.9710037054247 21.23508288280886
-34.64028893522703 82.60087555974837
250.73772741404832 140.892000860789
344.6744536772199 253.0882124485592
-347.427064969963 -186.45674848681395
309.46247235730925 -622.3259671154217
117.18339346435287 105.39176544968305
37.29686770473489 -60.865945785872526
149.37663734035385 -94.16344420318435
119.41913426783019 3.23180031205368
-321.43554114047157 -635.0634846583094
407.96355638755944 300.97933314582343
-395.0237930100899 440.47350211122915
-95.74533363368771 643.0572090035712
24.81530222541168 -392.44744532269596
241.71612419586415 140.55949970546123
850.9511206819288 463.96950887577987
0.25209367055437465 233.12924332556085
-451.98830250143027 -234.45389102930554
-37.7565078399395 -123.89820618358397
-30.554080702036163 19.19154925215577
-26.752763138428882 20.802435386025408
-102.11203778420203 752.6634768182662
192.80124927224756 -67.8704199745637
120.53913838174589 59.530593250045435
-316.4054559839641 681.2401580448857
250.94212326641403 21.493085377082352
-52.91886418630443 -271.3168182224893
105.6557351897611 214.1707890017437
-321.2699232979714 -817.5122117891086
653.660559217838 699.8820257070196
202.3983129688719 450.2174342276348
-250.22286297896207 -317.00894645944567
774.9384508535314 -473.2523261977736
-162.6495502695682 -791.5159189885152
-754.798454378087 436.2633368732283
-654.987835710605 702.2100631706408
-134.311486609813 246.6162870077011
310.8239583361867 -17.83471295484617
172.98140822804035 170.91510639554662
23.178286188471755 15.789232420038942
-237.48766016147937 -799.6595620648617
-43.57323324676996 555.5216359206763
639.0969143423114 236.7935605369636
-8.010524991626452 -5.242926946016159
-35.16935136982397 303.88710572375453
302.81558017811045 -893.4252602341581
854.4937614686753 272.7070522376922
-551.5391380294083 202.68699973208876
769.397083193005 -309.795963883738
728.7210224366411 128.9548112130114
535.788475278503 -254.19352839799424
-60.2602463016184 -766.1620792231294
321.0494707283845 293.1717003582926
389.01240260177065 742.6707603126944
224.39773168760874 538.9756119158494
-90.57942647148685 37.86709324163598
677.5179880233563 340.15807038538804
122.59843724644642 -564.7368638230967
547.1779421332118 -418.9431086277886
620.8169956402521 447.4119837113731
950.0331668316945 200.93511376606443
-77.86800199724703 -659.9039978951708
370.74979671958204 -480.10668542330535
179.7287743440237 185.56191062774923
-509.43248856672074 -288.27668363224416
-586.0908657290781 -378.13954030342785
-148.1068758500929 985.136531731355
-91.43080949471393 -755.8283148362116
-374.9757466526445 -546.5937014743388
945.5951616799196 -228.16015465190515
950.6973676016147 192.6774230311788
83.20186120510975 188.78598519836638
14.700462038555829 -161.9715496006556
36.51910403633086 4.662384341960711
444.1679860163159 -346.3582619842384
-391.60164514952896 809.119881535829
-70.31386531891559 15.416929992812653
-516.8631524410933 -464.5949730458557
-254.7137014257905 265.3891393907298
901.4850842484042 -108.3710582564108
-142.01667152238795 -222.67852335748228
24.986891141087693 529.2882880163011
250.3491114847947 57.25811821917213
368.16190376794674 894.5628860757935
-6.396602958243016 -71.73488022218262
708.527338181942 145.54520440993042
-52.57626040068984 69.50923813501292
-348.95881038152925 476.3076902417221
420.7029947910827 -276.58561913865617
508.5894476108966 -296.4134382430314
46.27142194847231 -19.186833878389645
121.83159303523416 -224.42209687776085
-592.5256080184868 355.4101215584161
237.94340923022344 727.0353537714225
59.82713343121373 429.3592316056237
-182.41532765338934 117.20729153502269
57.433684491752295 171.02500754663146
-57.86021217615382 26.345347901304518
-108.68087724991884 -257.1770206800378
-329.94505069245986 258.0137471315836
346.8753543264495 198.56671281007712
72.9734125175733 46.39576415515396
42.364214630241946 -622.8587276616422
66.35015542321396 643.8626905466216
-846.2904109318381 -150.22524617039184
260.037872668627 501.19711123646965
-115.06894624778933 126.67835552955036
-24.804638056929296 -44.118559586252985
-555.2404599841135 -385.1890271188158
243.38726769345425 -808.0571152416309
46.745075641683776 -163.12160915555026
-885.9586050651052 -218.96577718708983
27.264419263684502 140.00762721426486
-118.76839285556024 249.8479843593871
189.630305977196 -235.64040826999138
80.03065830170276 -117.55104708434874
-595.9198521061 460.69586192575065
-82.82054849968372 -560.5600843272252
368.15159371573964 28.335378352480927
-129.66202992322278 -42.25345005154837
-36.37714142012578 -123.43162761612069
192.58778659208042 -10.491235417523997
586.7042345104467 -109.26185065961599
-140.69887120047107 -298.0902226751443
-848.59599095286 -128.59653850679803
668.3922376228677 96.2433679944992
-306.2594993798228 -612.0762978408275
-648.1781019933293 -394.22755349891173
-20.304882266416854 -20.36652327196815
646.257935505992 536.242884518751
-94.73558733235399 890.5832853574788
113.73282420846925 41.25681909046884
-54.946750147337724 152.88892968730121
58.47715924657779 -87.95896542373755
237.09706583341674 -420.45097388295954
-134.47852994228487 -3.297766958635377
12.435289364752252 107.34866526604411
-379.6551435521703 -714.1877267519185
-613.5733722426021 -599.0880607218359
95.59659424461921 -135.0084455111432
-373.50111570501696 149.08237757870975
-873.8623258859183 14.454485285586898
958.2045492278551 -174.837450002682
123.83395755391778 57.695191111851535
548.5834832904501 647.2543693323576
662.671053003493 -299.18924318116507
-521.4306664710199 709.4018014341773
301.15717892107625 -28.991784570590355
-213.48180504402427 -179.0331354764041
1.2557927383850342 56.42170835035569
-53.78621822161984 -288.68138747706297
-723.4099187594311 -535.1331502145018
5.869330514759743 0.8540113648566738
59.02834149276636 -219.388414122022
-615.2360802096811 -562.9991128280734
-177.26391151596215 433.1112235859759
126.27057604393411 -211.0735520110209
640.2239943465459 -665.3462949636323
224.61298054555897 367.1456261097871
1.2501774923361926 395.9058837207412
825.3741341537107 -338.5892172705164
-191.80044659241017 -134.33440218663165
9.24219694758598 -3.673346188143211
-1.6428362758625221 45.01268786423868
855.7858466938982 -347.43991447606044
34.48182488636962 -31.032788932023273
748.2932902655094 626.2577407648587
-399.7509319109377 700.3030930355784
589.5048259697325 345.58448495861785
-12.131274709725417 35.55825519669693
902.7131103692808 -106.82227293722676
-594.1947709022168 -498.0727174480941
-297.8183526279689 505.8118977472743
-198.17650845316194 108.31506895380765
701.9734192133136 -510.4113204342
75.23607332501179 671.5047701002388
-243.42470568912722 -380.7678496127679
-225.87568043203888 -900.5874282639253
84.70505902092437 -238.3535276037061
-207.94402956574103 728.1955478462381
-438.4715453750905 697.3470211566671
71.95124046442271 38.24159031041009
-261.5136772176025 -765.3639725108325
350.71109791781686 770.3477929233727
282.5997472747781 369.19279018346595
897.1846822992479 229.80406867308824
-17.27780856936383 -55.736216931972734
-738.1280608478013 337.16785966395366
416.0739086957857 -303.5623898143058
-149.81892878773562 -454.1107711187572
-24.069147173999507 -209.7744995145036
266.84219027240187 -719.1828288663056
703.2155339906499 143.57827837131214
-103.88030033778908 6.274981710116376
-197.96314683194274 234.32484390874978
731.5516490720063 641.7786446560011
675.7310562326086 567.5323936376639
-34.187567327700044 24.476748958624842
-736.9563787417252 596.1008643851677
-590.8089359781623 -111.38293959545237
-287.75060735241277 -220.6752165179357
-552.05070535416 157.40267241790113
-7.814173314810867 -69.72911080891228
472.4038876920566 613.9850928126795
494.17141773509604 353.81937077015
-117.9801597561113 136.08814698854047
-440.51688130135733 -749.7032963921457
396.56439450423704 805.9204478189024
688.0137118103609 -330.6312707387995
164.2649668455289 -399.9764118675341
-477.52828893801455 73.83161382342233
-608.625119525172 -595.7268301146694
-389.85882157564566 907.6509854343371
-59.3904830195985 764.804200128742
205.35152363576287 -87.68477581421544
123.67067100415242 -125.5753792923243
-44.073447771242485 -378.1335666215134
82.48714090257397 -712.1662641925814
-419.81324975048227 -525.8416320981135
-66.66919167126088 462.741286849198
7.12888558883617 3.1427144016479835
389.1488758172522 -725.2829932529925
146.02207098141872 -646.4523001937536
526.0443863056348 404.1832466249989
-397.3096792400814 -120.99416614718925
614.712022279675 -145.65297075056884
-653.879176861855 -708.605576292431
-124.7112565943064 -121.05297489057195
-330.15583954140567 150.74067911858432
-50.09865823753851 -23.580358020184395
-911.4593465947987 -12.735876619190392
-273.8300270762654 129.73416388322698
-823.2754151573365 17.831103719426597
-427.9531779978854 -185.1045673844747
135.81996860722475 92.19730767431571
245.36753934513746 -157.89704195625967
-113.63666821534105 -760.4047442231982
-26.047329464120825 55.33595333002033
-940.2713384205955 -314.55319727747855
959.3608929230459 -263.78740409256204
174.93631894785582 408.8139291884152
-597.8709476498013 215.7567053783519
584.869651386115 -807.194111621006
219.0277368533802 392.0221092084801
329.0660732943331 228.4862756848854
-263.56894246412764 101.07004333594189
-494.06058067995787 499.5736065945127
-376.6972117752367 -376.65199438865284
705.8343329294476 621.2913276238663
-780.6118987239363 -324.72103541099324
-182.50682925620947 22.425270430748142
-142.31344517304535 161.28074884475393
860.9849911662832 496.59555428507696
471.49595707420286 781.1344372589843
129.57459954595072 109.25421795406433
25.192149603538052 -63.692535513363964
-548.1027937181528 -425.1795629155776
-335.3274019287316 -404.78713692993466
117.63984769151409 654.7424575880033
222.30718804436876 132.81539463557124
28.844633566895542 98.92404737044652
-295.8731674063326 -606.0383430394827
836.4702455071325 306.4585549489378
-367.3683791556846 -296.2979266650605
356.2963169864474 -870.3208879647757
32.08968607885464 -42.14948106244028
-71.8536445409456 -66.00059560969542
-798.5692446179561 -148.19302022969998
-222.81327541833826 208.70696181051483
-316.91781491239357 -196.97575244209003
-215.81053169557856 -137.8240356073646
445.98021235870533 -475.2078376575515
-40.84630546688482 -309.86864604822057
32.668665431176386 -124.79646818516827
-92.32486251739311 -857.7750135824356
307.5892085355446 55.340672155651454
295.3643676705323 -306.09359001445085
-110.94304874250666 391.94929736280994
505.4902232549504 -211.95554848583177
472.8621950840453 260.4528510932595
-876.1785488461726 -380.3122278986083
392.847554532112 -84.19333655698418
-62.07400041023793 37.50091073935594
-86.32811557349592 191.85470784456953
96.5115362327503 119.16762623300569
-344.59363650151585 86.26707971578895
58.31610871874755 -97.4984920036369
-854.0976044841503 217.29472275761955
-418.87500537298536 25.569422463235306
571.5645412529169 -522.0362830191918
37.34596080413161 -463.50153747631015
-227.39891309814718 162.75999098247084
-69.77185993707276 270.39185019263294
-565.2377230994475 -273.3606788693839
-431.69460382982385 182.710856591571
292.7979686097595 -541.8249265176075
31.688824800155253 251.17284794450399
278.7837549948099 -372.40835962261247
349.9790413863043 647.6455404040379
564.8379626224967 336.97601066968923
34.38937488232647 -335.46570764844716
484.2593048040792 -848.8914349898964
278.21831358298255 -705.5853281567591
-24.944045632261904 -8.76290569523596
114.89236216657955 -319.610017947352
206.79275172565272 199.23130012262655
-286.42856548822755 68.4687641020696
-62.30114190427388 158.89620784320607
-194.89236191806455 -640.990289739387
-106.33492548084341 162.94179789630212
-8.281436242174035 180.71703652350874
297.736815830837 -273.65704779028613
86.50601116740498 -151.45650998688055
-91.64973121625482 41.50912137589077
332.12806413407213 -479.8961721066702
-508.1223345748508 682.4862923339273
-479.52376883300224 -292.011238952434
-45.54294386860622 852.2778364808428
-756.7901912208827 559.7684541221633
823.3690201630178 -468.8499216281204
-537.9565884083048 837.3218794835923
671.8979324366629 313.78086895807866
-147.2941386249967 568.5540655944818
203.86394096209534 -705.6189224783669
-230.62807580468586 -253.79598961753115
-456.17077336774986 -388.3142513801262
634.213186114895 -636.4716385509157
251.96388221616513 1.178711591909258
-913.4594589388216 -221.96893097764166
638.2301133811692 372.0714924037773
-174.7746380230584 191.03778336822253
-443.79790891852696 666.6962147881972
-101.27072772205322 -408.2570712541815
322.9068384572635 -279.8712454750788
-21.73086555878077 542.5449001213871
-564.356643395633 -24.469297322693137
288.3041343828653 -112.26657074927304
14.447852278220749 287.06345005541147
28.821941232985925 -37.25786344177299
-611.246662682752 -50.8737705917986
-351.793397140395 -446.04742425347195
149.37238443428555 -229.7432198600186
191.92996091861895 355.79225871267295
-61.015704525143214 254.1091654916272
-238.5354885533973 50.088583392782404
71.079757184277 -101.08655985826911
-781.1827465554514 -516.2111608645176
708.6567775696876 -207.80088763759073
127.30424251432255 814.6130855679966
-64.40768156397655 614.1652696344222
478.5849199565742 365.84009931877
-542.8125008583626 365.6334738023066
494.5947697816642 807.1792196422901
-160.601074605959 -134.20306230936654
-140.98225561929777 -806.7922441501056
-733.4025123236454 -391.38072447064275
-228.91274432962933 581.4513034803784
-86.12079077538277 -8.262505072337566
405.35621536137774 800.2802740152237
-573.1871522397438 143.59741687862083
369.17217954218916 409.3348773972097
72.0142123144415 -673.4051012464364
-309.231809952996 -97.24751222311548
-129.89716915149407 206.97638903181902
-11.711774457777274 302.13214107412125
-42.572974705217135 338.29093994740464
-19.14000271846926 -50.75844499927681
-500.6210933439796 -168.27783115815234
-714.8670325731434 227.2113352547227
-790.5512334137941 -200.06105037932392
712.880443106039 73.46977897012664
-348.5100458149251 -521.0826540711611
542.1397506491218 351.4452066062726
795.3675023497872 -13.92522627628566
-610.2594385675156 -318.69483957668103
-580.3569152146865 -526.717385580746
453.27461906908445 48.10947096241797
-178.63604028907028 -304.3716915181633
244.50180821156553 -326.18223668066986
-12.41725684938873 74.83591780271804
357.98064293650043 262.7871884586022
59.19787086107606 60.08272552378824
-199.3935354186902 -294.4963200187443
45.52778259059638 -99.39801797508188
-773.808716184138 -58.27583807995912
-138.3588181683769 144.93507222543818
779.1212014514595 -150.97582681174814
224.41539043960225 57.99675758329331
-305.01916080102404 -620.0726723804107
-876.1317082708819 368.9175725463126
-177.28732079432572 -685.8964373968613
246.83712578803636 -287.94662199667096
-127.1080913272425 77.388758884399
-0.5167263809101618 48.30375357817931
-115.26120457738479 39.24918830457864
905.0999749808685 -415.01039707687164
-251.6785708810441 423.7614695383208
-128.79340379473567 -201.57628012142376
-254.7478603658423 -490.4665761764224
-68.62399184147496 60.51154428634237
-330.81379159292925 207.13544410114378
-251.1789794405651 -727.9923278220178
-366.73282736798336 -529.8671662511332
11.77565836844011 6.774568927264379
274.6057384154792 -1.2643743075055554
-189.03652879133304 329.5442839257003
223.4615893121251 723.1063755061841
204.4493813540302 231.67512762196654
-157.88531664201813 29.96990558605987
-694.6548035106852 360.31446785552356
-280.8252265125345 -800.6713530986603
-855.3767676649999 141.37080082061078
-157.44608474525648 -381.8293460888899
75.5655812015396 -197.0882204764309
-251.00815655781648 -833.9497781602578
-26.964747687741244 259.7198759047838
-195.15892167879718 -186.91078603328893
209.34363195703958 554.9383982390682
-735.3889514072756 590.7893752143344
-503.37176479504166 2.5307590078326805
126.1789415160046 -61.20478731798751
-687.30576317382 -317.5480477596309
-882.0475530787273 -241.15879686681637
-633.7668582186873 -83.1189734650964
-73.59875084823332 -173.96329400216857
163.4299227555803 107.19140944497568
146.85895150813138 -135.0749650113458
-289.2180269109373 125.08420932934276
-247.04367076882548 893.4616512595353
-147.84387041837599 495.5063626378683
-29.25563742708681 -726.7146230715077
224.89411976497684 -54.95820120275887
108.37152100142477 -635.8781926994735
-479.1937513702458 225.75226553618995
-118.74200644156507 -244.1143837104003
-259.90813610685905 -251.58870565345705
195.3373534915428 -65.88969275509328
-251.90614169700098 518.9627784343319
322.48546383365067 673.1931684335627
-326.02058889545344 -52.77675425268554
